"composer","composerLabel"
"http://data.carnegiehall.org/names/5000","Richard Heuberger"
"http://data.carnegiehall.org/names/35995","Derek Bermel"
"http://data.carnegiehall.org/names/38927","John Sebastian"
"http://data.carnegiehall.org/names/2514","Francis E. Resta"
"http://data.carnegiehall.org/names/54976","John Klemmer"
"http://data.carnegiehall.org/names/7324","Arthur Berger"
"http://data.carnegiehall.org/names/59543","Chico Freeman"
"http://data.carnegiehall.org/names/32472","J.W. Lillard"
"http://data.carnegiehall.org/names/54988","Max Pollikoff"
"http://data.carnegiehall.org/names/8383","Richard Galliano"
"http://data.carnegiehall.org/names/125623","Iman Habibi"
"http://data.carnegiehall.org/names/8775","Tommy Newsom"
"http://data.carnegiehall.org/names/38566","Francesco Magliocco"
"http://data.carnegiehall.org/names/3713","Hugo Macher"
"http://data.carnegiehall.org/names/64154","Bobby Capó"
"http://data.carnegiehall.org/names/58610","Arvid Samuelson"
"http://data.carnegiehall.org/names/129254","Masha Brodskaya"
"http://data.carnegiehall.org/names/28402","William Ebann"
"http://data.carnegiehall.org/names/113490","Jack Noble White"
"http://data.carnegiehall.org/names/17897","Cecil McBee"
"http://data.carnegiehall.org/names/10123","Sheila Jordan"
"http://data.carnegiehall.org/names/128505","Mordecai Sandberg"
"http://data.carnegiehall.org/names/62823","Joshua Cody"
"http://data.carnegiehall.org/names/51879","Buddy Montgomery"
"http://data.carnegiehall.org/names/40350","Andy LaVerne"
"http://data.carnegiehall.org/names/19694","James P. Dunn"
"http://data.carnegiehall.org/names/63470","Walter Parazaider"
"http://data.carnegiehall.org/names/29782","Martin Boykan"
"http://data.carnegiehall.org/names/4144","Bill Monroe"
"http://data.carnegiehall.org/names/80446","Carine Gutlerner"
"http://data.carnegiehall.org/names/40405","Evelyn Glennie"
"http://data.carnegiehall.org/names/2661","Mongo Santamaría"
"http://data.carnegiehall.org/names/38869","Jaki Byard"
"http://data.carnegiehall.org/names/37880","Gilopez Kabayao"
"http://data.carnegiehall.org/names/57852","Fred Hersch"
"http://data.carnegiehall.org/names/78749","Mavis Pan"
"http://data.carnegiehall.org/names/25069","Earl Howard"
"http://data.carnegiehall.org/names/101947","Phresh Makhene"
"http://data.carnegiehall.org/names/67858","Ruben Yessayan"
"http://data.carnegiehall.org/names/80072","Teresa LeVelle"
"http://data.carnegiehall.org/names/47971","William Walton"
"http://data.carnegiehall.org/names/17966","Caro Roma"
"http://data.carnegiehall.org/names/72749","Carla Ann Harris"
"http://data.carnegiehall.org/names/83824","Shiro Otake"
"http://data.carnegiehall.org/names/117220","Jay Bocook"
"http://data.carnegiehall.org/names/42152","Miguel Kertsman"
"http://data.carnegiehall.org/names/24471","Arturo Buzzi-Peccia"
"http://data.carnegiehall.org/names/19977","Stuart Duncan"
"http://data.carnegiehall.org/names/12294","Váša Príhoda"
"http://data.carnegiehall.org/names/26354","Kenny Loggins"
"http://data.carnegiehall.org/names/44751","Donghee Oh"
"http://data.carnegiehall.org/names/132522","Angélica Negrón"
"http://data.carnegiehall.org/names/96143","Felix Van Dyck"
"http://data.carnegiehall.org/names/64403","Big Joe Turner"
"http://data.carnegiehall.org/names/35947","Frank A. Suchomel"
"http://data.carnegiehall.org/names/26003","Marion Kahn"
"http://data.carnegiehall.org/names/15383","Geraldine Farrar"
"http://data.carnegiehall.org/names/53821","Giacomo Bourg"
"http://data.carnegiehall.org/names/62807","Sandi Patty"
"http://data.carnegiehall.org/names/78097","Rudolf Kelterborn"
"http://data.carnegiehall.org/names/17766","David Randolph"
"http://data.carnegiehall.org/names/44957","Joseph Ohrt"
"http://data.carnegiehall.org/names/8521","Gloria Estefan"
"http://data.carnegiehall.org/names/90926","Gorni Kramer"
"http://data.carnegiehall.org/names/86117","Michelle Phillips"
"http://data.carnegiehall.org/names/15955","Carmela Cecere"
"http://data.carnegiehall.org/names/45209","Arthur Bliss"
"http://data.carnegiehall.org/names/5047","Leonard Pennario"
"http://data.carnegiehall.org/names/126508","Aldo López-Gavilán"
"http://data.carnegiehall.org/names/16402","Shinichi Yuize"
"http://data.carnegiehall.org/names/52709","György Cziffra"
"http://data.carnegiehall.org/names/91516","Gretchen Wolaver"
"http://data.carnegiehall.org/names/41644","Nitanju Bolade Casel"
"http://data.carnegiehall.org/names/113308","Eric William Barnum"
"http://data.carnegiehall.org/names/107181","Arend Donselaar Lubbers"
"http://data.carnegiehall.org/names/130552","Susanna Ziesmer"
"http://data.carnegiehall.org/names/24223","R. Nathaniel Dett"
"http://data.carnegiehall.org/names/94243","Son Lux"
"http://data.carnegiehall.org/names/35604","Paul C. Bohlen"
"http://data.carnegiehall.org/names/44969","Roderick White"
"http://data.carnegiehall.org/names/65765","Willie Maiden"
"http://data.carnegiehall.org/names/14717","Leopold Auer"
"http://data.carnegiehall.org/names/69086","Antoni Janusz"
"http://data.carnegiehall.org/names/34055","Jerry Barnes"
"http://data.carnegiehall.org/names/44791","Lucille Greenfield"
"http://data.carnegiehall.org/names/87150","Christine Tavares-Mocha"
"http://data.carnegiehall.org/names/19276","Erskine Hawkins"
"http://data.carnegiehall.org/names/131236","Cris Derksen"
"http://data.carnegiehall.org/names/6133","William H. Rieger"
"http://data.carnegiehall.org/names/45475","Tom Chiu"
"http://data.carnegiehall.org/names/91299","Gilda Ruta"
"http://data.carnegiehall.org/names/61457","Jerry Ulrich"
"http://data.carnegiehall.org/names/21981","Milt Buckner"
"http://data.carnegiehall.org/names/128310","Basia"
"http://data.carnegiehall.org/names/95737","Earl Hatch"
"http://data.carnegiehall.org/names/4757","Tatsuyuki Sugimoto"
"http://data.carnegiehall.org/names/93850","Tessa Lark"
"http://data.carnegiehall.org/names/125459","Ann Peebles"
"http://data.carnegiehall.org/names/63795","Harvey Mason"
"http://data.carnegiehall.org/names/68476","Tim Sharp"
"http://data.carnegiehall.org/names/31003","Albert Pieczonka"
"http://data.carnegiehall.org/names/34389","Anthony Davis"
"http://data.carnegiehall.org/names/57747","Victor Borge"
"http://data.carnegiehall.org/names/17218","Smokey Robinson"
"http://data.carnegiehall.org/names/7259","Lajos Serly"
"http://data.carnegiehall.org/names/50808","Alexander Scriabin"
"http://data.carnegiehall.org/names/97021","Luca Casarin"
"http://data.carnegiehall.org/names/110914","Walter Hassler"
"http://data.carnegiehall.org/names/85325","Ryuji Osaki"
"http://data.carnegiehall.org/names/37882","Julius Lorenz"
"http://data.carnegiehall.org/names/39405","Terence Blanchard"
"http://data.carnegiehall.org/names/20643","Alfred Mirovitch"
"http://data.carnegiehall.org/names/44949","Martti Turunen"
"http://data.carnegiehall.org/names/40566","George Tsontakis"
"http://data.carnegiehall.org/names/28930","Joseph Tamosaitis"
"http://data.carnegiehall.org/names/16963","Raimonds Pauls"
"http://data.carnegiehall.org/names/124581","John Kay"
"http://data.carnegiehall.org/names/73822","Walter Kitundu"
"http://data.carnegiehall.org/names/20046","Elvis Costello"
"http://data.carnegiehall.org/names/23814","Samuel Zyman"
"http://data.carnegiehall.org/names/79522","David Stambler"
"http://data.carnegiehall.org/names/127521","Giampiero Bugliarello"
"http://data.carnegiehall.org/names/65846","Bogdan Babich"
"http://data.carnegiehall.org/names/33042","Dave Grusin"
"http://data.carnegiehall.org/names/36787","Chris Brubeck"
"http://data.carnegiehall.org/names/21135","Luciano Salvatore"
"http://data.carnegiehall.org/names/124716","Alan Hull"
"http://data.carnegiehall.org/names/61181","Frederick Jacobi"
"http://data.carnegiehall.org/names/53209","Leo Kraft"
"http://data.carnegiehall.org/names/54707","Nicholas J. Elsenheimer"
"http://data.carnegiehall.org/names/104527","Louis Farrakhan"
"http://data.carnegiehall.org/names/58958","Max Donner"
"http://data.carnegiehall.org/names/75806","William Bland"
"http://data.carnegiehall.org/names/58445","Jamey Haddad"
"http://data.carnegiehall.org/names/58626","George Siemonn"
"http://data.carnegiehall.org/names/75301","Albert Hay Malotte"
"http://data.carnegiehall.org/names/109658","Jeremy Smith"
"http://data.carnegiehall.org/names/28255","Morris Rosenzweig"
"http://data.carnegiehall.org/names/121649","Chad Smith"
"http://data.carnegiehall.org/names/10391","Mark Delpriora"
"http://data.carnegiehall.org/names/15516","Steven L. Rosenhaus"
"http://data.carnegiehall.org/names/42396","Frank Veloz"
"http://data.carnegiehall.org/names/121981","Jonathan Jay"
"http://data.carnegiehall.org/names/31245","Herman Wohl"
"http://data.carnegiehall.org/names/81450","Johannes Schwaiger"
"http://data.carnegiehall.org/names/45344","Eddie Palmieri"
"http://data.carnegiehall.org/names/52359","Sun Ra"
"http://data.carnegiehall.org/names/68760","Harvey B. Gaul"
"http://data.carnegiehall.org/names/2289","Sonny Stitt"
"http://data.carnegiehall.org/names/17251","Walter Petzet"
"http://data.carnegiehall.org/names/28259","Anna Pinto"
"http://data.carnegiehall.org/names/14959","Kevin Dolan"
"http://data.carnegiehall.org/names/29100","Harry Carney"
"http://data.carnegiehall.org/names/54209","Ralph C. Schultz"
"http://data.carnegiehall.org/names/104197","Anna Lucia Richter"
"http://data.carnegiehall.org/names/27066","Susan Follari"
"http://data.carnegiehall.org/names/120116","Lela Kaplowitz"
"http://data.carnegiehall.org/names/30559","Jack Chaikin"
"http://data.carnegiehall.org/names/10625","George Duke"
"http://data.carnegiehall.org/names/50629","Harry E. Arnold"
"http://data.carnegiehall.org/names/69809","Mark Bucci"
"http://data.carnegiehall.org/names/59262","Scott Wheeler"
"http://data.carnegiehall.org/names/31438","Inez Bull"
"http://data.carnegiehall.org/names/38267","Samuel Jones"
"http://data.carnegiehall.org/names/26726","Marvin Hamlisch"
"http://data.carnegiehall.org/names/43367","Frank H. Ilchuk"
"http://data.carnegiehall.org/names/130359","Jasmine Barnes"
"http://data.carnegiehall.org/names/38343","Dong-il Sheen"
"http://data.carnegiehall.org/names/130858","Jan Steinsdörfer"
"http://data.carnegiehall.org/names/47126","John Jacob Niles"
"http://data.carnegiehall.org/names/26438","Victoria Bond"
"http://data.carnegiehall.org/names/74244","Vic Mizzy"
"http://data.carnegiehall.org/names/127284","Ricky Persaud Jr."
"http://data.carnegiehall.org/names/28825","John Corigliano"
"http://data.carnegiehall.org/names/66536","Bobby Plater"
"http://data.carnegiehall.org/names/32018","Abraham Ellstein"
"http://data.carnegiehall.org/names/97214","Atsumasa Nakabayashi"
"http://data.carnegiehall.org/names/11559","Titta Ruffo"
"http://data.carnegiehall.org/names/26866","H. Alexander Matthews"
"http://data.carnegiehall.org/names/3700","Orville Hammond"
"http://data.carnegiehall.org/names/77956","China Forbes"
"http://data.carnegiehall.org/names/129379","Jianfang Yu"
"http://data.carnegiehall.org/names/16537","Pablo Rieppi"
"http://data.carnegiehall.org/names/11807","Francis P. Schmitt"
"http://data.carnegiehall.org/names/87698","Yasuko Mitsui"
"http://data.carnegiehall.org/names/53241","Louise Tayengco"
"http://data.carnegiehall.org/names/91706","Gail Kubik"
"http://data.carnegiehall.org/names/117092","Desmond Earley"
"http://data.carnegiehall.org/names/60949","Marcelita Lopez Kabayao"
"http://data.carnegiehall.org/names/51896","Pietro Porcasi"
"http://data.carnegiehall.org/names/37686","Rob McConnell"
"http://data.carnegiehall.org/names/78806","Fredric Vonn"
"http://data.carnegiehall.org/names/75404","Yuri Blinov"
"http://data.carnegiehall.org/names/34217","Gerry Eastman"
"http://data.carnegiehall.org/names/66127","Bill Gregory"
"http://data.carnegiehall.org/names/34855","Jean-Pierre Schmitt"
"http://data.carnegiehall.org/names/28671","Edward Kilenyi"
"http://data.carnegiehall.org/names/15834","Tito Puente"
"http://data.carnegiehall.org/names/19986","Eric Moe"
"http://data.carnegiehall.org/names/130458","Norman Bloom"
"http://data.carnegiehall.org/names/24743","Gerardo Gandini"
"http://data.carnegiehall.org/names/48254","Ballington Booth"
"http://data.carnegiehall.org/names/67016","Renaldo ""Obie"" Benson"
"http://data.carnegiehall.org/names/49871","Harvey Sollberger"
"http://data.carnegiehall.org/names/93575","Tanya Anisimova"
"http://data.carnegiehall.org/names/100310","Ben Karbowski"
"http://data.carnegiehall.org/names/90616","Brooklyn Rider"
"http://data.carnegiehall.org/names/22014","John Handy"
"http://data.carnegiehall.org/names/1785","Teresa Carreño"
"http://data.carnegiehall.org/names/129979","Manuel González"
"http://data.carnegiehall.org/names/56399","Siedah Garrett"
"http://data.carnegiehall.org/names/61109","Enrico"
"http://data.carnegiehall.org/names/130045","Greg Walton"
"http://data.carnegiehall.org/names/37141","Nina Simone"
"http://data.carnegiehall.org/names/58931","Nicola Laucella"
"http://data.carnegiehall.org/names/43003","Johnny Otis"
"http://data.carnegiehall.org/names/28758","Edwin McArthur"
"http://data.carnegiehall.org/names/63526","Eric Dolphy"
"http://data.carnegiehall.org/names/47465","Wibi Soerjadi"
"http://data.carnegiehall.org/names/44492","Ernest Seitz"
"http://data.carnegiehall.org/names/64306","Danny Kortchmar"
"http://data.carnegiehall.org/names/16364","Ryan Edwards"
"http://data.carnegiehall.org/names/18080","Thomas Egan"
"http://data.carnegiehall.org/names/21989","Michael Flynn"
"http://data.carnegiehall.org/names/47733","Purnell Fleetwood Hall"
"http://data.carnegiehall.org/names/25624","Rebecca Henderson"
"http://data.carnegiehall.org/names/48971","Donald Neuen"
"http://data.carnegiehall.org/names/42739","Spencer Clay"
"http://data.carnegiehall.org/names/45360","Armen Donelian"
"http://data.carnegiehall.org/names/59868","Albano Seismit-Doda"
"http://data.carnegiehall.org/names/22177","Glen Cortese"
"http://data.carnegiehall.org/names/31096","Anthony F. Paganucci"
"http://data.carnegiehall.org/names/8353","John Koch"
"http://data.carnegiehall.org/names/47859","Ralph Benatzky"
"http://data.carnegiehall.org/names/82434","Carol Alban"
"http://data.carnegiehall.org/names/6436","Daniel Butterfield"
"http://data.carnegiehall.org/names/53595","William Levi Dawson"
"http://data.carnegiehall.org/names/13466","Otto Goritz"
"http://data.carnegiehall.org/names/23616","Elsa Maxwell"
"http://data.carnegiehall.org/names/104124","Ines Trickovic"
"http://data.carnegiehall.org/names/21499","Ethan Iverson"
"http://data.carnegiehall.org/names/102607","Clarisse Valbon"
"http://data.carnegiehall.org/names/63462","Robbie Krieger"
"http://data.carnegiehall.org/names/7518","Fredrika Cooke"
"http://data.carnegiehall.org/names/95964","Lucile Anderson"
"http://data.carnegiehall.org/names/55809","Wadada Leo Smith"
"http://data.carnegiehall.org/names/129777","Hanna Benn"
"http://data.carnegiehall.org/names/52619","Frank Zappa"
"http://data.carnegiehall.org/names/28897","Frank London"
"http://data.carnegiehall.org/names/130502","Marcus Mumford"
"http://data.carnegiehall.org/names/55754","Philip Dunigan"
"http://data.carnegiehall.org/names/121379","Laureano Quant"
"http://data.carnegiehall.org/names/72465","Payton MacDonald"
"http://data.carnegiehall.org/names/91477","Yair Dalal"
"http://data.carnegiehall.org/names/65464","Angus Martin"
"http://data.carnegiehall.org/names/42045","Erick Ramos"
"http://data.carnegiehall.org/names/55558","Marie von Hammer"
"http://data.carnegiehall.org/names/114180","Alexander Bellow"
"http://data.carnegiehall.org/names/33334","Christian Wolff"
"http://data.carnegiehall.org/names/8364","Vinko Globokar"
"http://data.carnegiehall.org/names/17980","Skitch Henderson"
"http://data.carnegiehall.org/names/75683","Kevin Olusola"
"http://data.carnegiehall.org/names/2595","Max Gegna"
"http://data.carnegiehall.org/names/27804","Edvard Lieber"
"http://data.carnegiehall.org/names/125055","Takehisa Kosugi"
"http://data.carnegiehall.org/names/69736","Jason Treuting"
"http://data.carnegiehall.org/names/65769","Don Sebesky"
"http://data.carnegiehall.org/names/86199","Joe Jencks"
"http://data.carnegiehall.org/names/82723","Beyoncé"
"http://data.carnegiehall.org/names/86291","Natalie Tenenbaum"
"http://data.carnegiehall.org/names/58598","Peter Yarrow"
"http://data.carnegiehall.org/names/75236","Heniot Levy"
"http://data.carnegiehall.org/names/127705","John Gruen"
"http://data.carnegiehall.org/names/28898","Rey Scott"
"http://data.carnegiehall.org/names/128566","Arturo Díaz Rivero"
"http://data.carnegiehall.org/names/70006","Anatoly Trofimov"
"http://data.carnegiehall.org/names/25372","Wiktor Labunski"
"http://data.carnegiehall.org/names/38486","Danny Dong"
"http://data.carnegiehall.org/names/701","Oscar Castro-Neves"
"http://data.carnegiehall.org/names/84062","Brendan Ko"
"http://data.carnegiehall.org/names/41125","Gigi Gryce"
"http://data.carnegiehall.org/names/39600","Darius Milhaud"
"http://data.carnegiehall.org/names/7872","Stanley Silverman"
"http://data.carnegiehall.org/names/48117","Henri Casadesus"
"http://data.carnegiehall.org/names/115709","Seiji Mukaiyama"
"http://data.carnegiehall.org/names/116039","Carrie Manolakos"
"http://data.carnegiehall.org/names/118695","Drew Pearson"
"http://data.carnegiehall.org/names/74328","Jennifer Curtis"
"http://data.carnegiehall.org/names/22885","David Bimberg"
"http://data.carnegiehall.org/names/46149","Harry Lauder"
"http://data.carnegiehall.org/names/88661","George Hinchliffe"
"http://data.carnegiehall.org/names/7026","J. Adolph Johnson"
"http://data.carnegiehall.org/names/57115","Lloyd Pfautsch"
"http://data.carnegiehall.org/names/62774","Tobias Picker"
"http://data.carnegiehall.org/names/48789","Daniel Schlosberg"
"http://data.carnegiehall.org/names/132530","Michael Bard"
"http://data.carnegiehall.org/names/20172","Manuel García Matos"
"http://data.carnegiehall.org/names/71774","Massie Patterson"
"http://data.carnegiehall.org/names/74733","Mary Lee Taylor Kinosian"
"http://data.carnegiehall.org/names/54403","Ralph Hunter"
"http://data.carnegiehall.org/names/40629","Willie ""The Lion"" Smith"
"http://data.carnegiehall.org/names/69623","Robert Prince"
"http://data.carnegiehall.org/names/53141","Mischa Levitzki"
"http://data.carnegiehall.org/names/12419","Laura Seaton-Finn"
"http://data.carnegiehall.org/names/18210","Richard Nanes"
"http://data.carnegiehall.org/names/38567","John Duke"
"http://data.carnegiehall.org/names/86674","Brad Balliett"
"http://data.carnegiehall.org/names/52857","Paquito D'Rivera"
"http://data.carnegiehall.org/names/56541","Richard Maltby"
"http://data.carnegiehall.org/names/80108","Francesco Tristano Schlimé"
"http://data.carnegiehall.org/names/14578","Dr. John"
"http://data.carnegiehall.org/names/121652","Alexander Misko"
"http://data.carnegiehall.org/names/130247","Royal Canoe"
"http://data.carnegiehall.org/names/110219","Alsarah"
"http://data.carnegiehall.org/names/36699","Morton Feldman"
"http://data.carnegiehall.org/names/89741","Zhen Chen"
"http://data.carnegiehall.org/names/13564","Charles Aznavour"
"http://data.carnegiehall.org/names/52919","Valerie Coleman"
"http://data.carnegiehall.org/names/102910","Feifei Yang"
"http://data.carnegiehall.org/names/84556","Josh Quillen"
"http://data.carnegiehall.org/names/8240","Herb Jeffries"
"http://data.carnegiehall.org/names/130498","Nelly"
"http://data.carnegiehall.org/names/43673","George Benson"
"http://data.carnegiehall.org/names/26134","Stuart Dempster"
"http://data.carnegiehall.org/names/40277","Eddie Hokenson"
"http://data.carnegiehall.org/names/78703","Michael Barry"
"http://data.carnegiehall.org/names/38745","Herbie Mann"
"http://data.carnegiehall.org/names/42888","Stephen Prutsman"
"http://data.carnegiehall.org/names/11830","Stevie Wonder"
"http://data.carnegiehall.org/names/27766","Helen Hopekirk"
"http://data.carnegiehall.org/names/49220","Barry Manilow"
"http://data.carnegiehall.org/names/33841","Ben Yarmolinsky"
"http://data.carnegiehall.org/names/51402","Mark Andersen"
"http://data.carnegiehall.org/names/14290","Ihsan Al-Mounzer"
"http://data.carnegiehall.org/names/82012","Xiaohui Ma"
"http://data.carnegiehall.org/names/81052","Benjamin Kraef"
"http://data.carnegiehall.org/names/65717","Mike Stoller"
"http://data.carnegiehall.org/names/120375","John C. Pennington"
"http://data.carnegiehall.org/names/58490","Reiko Füting"
"http://data.carnegiehall.org/names/89816","Shawn Jaeger"
"http://data.carnegiehall.org/names/104244","Yiruma"
"http://data.carnegiehall.org/names/59824","Rufus Wainwright"
"http://data.carnegiehall.org/names/9553","Stanley Turrentine"
"http://data.carnegiehall.org/names/106759","Réjean Brunet"
"http://data.carnegiehall.org/names/75887","Brian d'Arcy James"
"http://data.carnegiehall.org/names/78327","Carl Schroeder"
"http://data.carnegiehall.org/names/712","Milton Babbitt"
"http://data.carnegiehall.org/names/44057","Marshall Izen"
"http://data.carnegiehall.org/names/52869","David Byrne"
"http://data.carnegiehall.org/names/58121","Buck Clayton"
"http://data.carnegiehall.org/names/99306","Ian Williams"
"http://data.carnegiehall.org/names/93095","Julian Wachner"
"http://data.carnegiehall.org/names/26612","Mike Christianson"
"http://data.carnegiehall.org/names/58297","Elton John"
"http://data.carnegiehall.org/names/28417","Tom Feher"
"http://data.carnegiehall.org/names/70531","Alex Kreger"
"http://data.carnegiehall.org/names/32087","Lorin Maazel"
"http://data.carnegiehall.org/names/61685","Thomas M. Sleeper"
"http://data.carnegiehall.org/names/70991","Iva Bittová"
"http://data.carnegiehall.org/names/77435","Joe Hertenstein"
"http://data.carnegiehall.org/names/124591","Graeme Edge"
"http://data.carnegiehall.org/names/77049","Vijay Iyer"
"http://data.carnegiehall.org/names/101145","William C. White"
"http://data.carnegiehall.org/names/105974","Byron Duckwall"
"http://data.carnegiehall.org/names/77974","Martin Zarzar"
"http://data.carnegiehall.org/names/106126","George Walker"
"http://data.carnegiehall.org/names/129558","Ricky Dillard"
"http://data.carnegiehall.org/names/120798","Murat Aydemir"
"http://data.carnegiehall.org/names/37816","Francis Poulenc"
"http://data.carnegiehall.org/names/2023","Eugene Goossens"
"http://data.carnegiehall.org/names/98640","Paul Aron"
"http://data.carnegiehall.org/names/132501","Samuel O. Pratt"
"http://data.carnegiehall.org/names/127702","Robert Dennis"
"http://data.carnegiehall.org/names/119918","Bernard Peiffer"
"http://data.carnegiehall.org/names/127207","Salim Washington"
"http://data.carnegiehall.org/names/13038","Louis Alter"
"http://data.carnegiehall.org/names/9802","Theodore Antoniou"
"http://data.carnegiehall.org/names/53039","Andrew Ciancimino"
"http://data.carnegiehall.org/names/108504","Pauchi Sasaki"
"http://data.carnegiehall.org/names/30078","Edgar Stillman Kelley"
"http://data.carnegiehall.org/names/49469","Edouard Cornelius"
"http://data.carnegiehall.org/names/19798","John Abercrombie"
"http://data.carnegiehall.org/names/114581","Fito Páez"
"http://data.carnegiehall.org/names/127082","Corinne Bailey Rae"
"http://data.carnegiehall.org/names/88237","Phil Spitalny"
"http://data.carnegiehall.org/names/128045","Geoffrey Hudson"
"http://data.carnegiehall.org/names/78394","Regino Sainz de la Maza"
"http://data.carnegiehall.org/names/24307","Gunnar Johansen"
"http://data.carnegiehall.org/names/68697","Mimi Fariña"
"http://data.carnegiehall.org/names/37227","Thelonious Monk"
"http://data.carnegiehall.org/names/106397","Lauren Daigle"
"http://data.carnegiehall.org/names/67402","Mark-Anthony Turnage"
"http://data.carnegiehall.org/names/25457","Emil Sauer"
"http://data.carnegiehall.org/names/120746","Jeff Holdsworth"
"http://data.carnegiehall.org/names/81830","Maurice Abrahams"
"http://data.carnegiehall.org/names/19589","Duci de Kerekjarto"
"http://data.carnegiehall.org/names/83446","Geoffrey Gurrumul Yunupingu"
"http://data.carnegiehall.org/names/55897","Sammy Cahn"
"http://data.carnegiehall.org/names/14086","Chubby Jackson"
"http://data.carnegiehall.org/names/4552","Steven Mackey"
"http://data.carnegiehall.org/names/52344","José Salazar"
"http://data.carnegiehall.org/names/26105","Christian McBride"
"http://data.carnegiehall.org/names/120377","Emmanuel Séjourné"
"http://data.carnegiehall.org/names/6153","Redentor Romero"
"http://data.carnegiehall.org/names/100077","Paul Corn"
"http://data.carnegiehall.org/names/53682","Frederick Heyne"
"http://data.carnegiehall.org/names/127201","Juliette Perez"
"http://data.carnegiehall.org/names/95218","Thomas Berkmann"
"http://data.carnegiehall.org/names/122357","Amythyst Kiah"
"http://data.carnegiehall.org/names/62750","Carl Christian Bettendorf"
"http://data.carnegiehall.org/names/6610","Jules Conus"
"http://data.carnegiehall.org/names/60057","Claudio Villa"
"http://data.carnegiehall.org/names/45502","Moshe Ganchoff"
"http://data.carnegiehall.org/names/38286","Simon A. Sargon"
"http://data.carnegiehall.org/names/20683","Roland Hayes"
"http://data.carnegiehall.org/names/107933","Bernhard Pruflinger"
"http://data.carnegiehall.org/names/119799","Charles Johnson"
"http://data.carnegiehall.org/names/49002","Chester Hazlett"
"http://data.carnegiehall.org/names/16252","Gary Schocker"
"http://data.carnegiehall.org/names/5217","Stanley Clarke"
"http://data.carnegiehall.org/names/125868","Brandi Carlile"
"http://data.carnegiehall.org/names/44016","Henry Brant"
"http://data.carnegiehall.org/names/33928","Kimio Eto"
"http://data.carnegiehall.org/names/86030","Shi-Zheng Chen"
"http://data.carnegiehall.org/names/130503","Ben Lovett"
"http://data.carnegiehall.org/names/19407","Seymour Barab"
"http://data.carnegiehall.org/names/118391","Ayn Inserto"
"http://data.carnegiehall.org/names/58306","Daniel Moe"
"http://data.carnegiehall.org/names/51919","Paul Zonn"
"http://data.carnegiehall.org/names/72477","Yumi Kurosawa"
"http://data.carnegiehall.org/names/83852","Pius Cheung"
"http://data.carnegiehall.org/names/14159","Peter Martin"
"http://data.carnegiehall.org/names/130326","Steve Barakatt"
"http://data.carnegiehall.org/names/31871","Phil Woods"
"http://data.carnegiehall.org/names/98083","Jeremy Huck"
"http://data.carnegiehall.org/names/8269","Gdal Saleski"
"http://data.carnegiehall.org/names/86229","Donal Fox"
"http://data.carnegiehall.org/names/86548","William H. Neidlinger"
"http://data.carnegiehall.org/names/54523","Ray Gordon"
"http://data.carnegiehall.org/names/10083","Tania Eshaghoff"
"http://data.carnegiehall.org/names/27489","Martin Amlin"
"http://data.carnegiehall.org/names/66121","Jorma Kaukonen"
"http://data.carnegiehall.org/names/97721","Giuseppe Devastato"
"http://data.carnegiehall.org/names/96053","Nathan Pacheco"
"http://data.carnegiehall.org/names/66863","Carl Palmer"
"http://data.carnegiehall.org/names/84547","Michael Hearst"
"http://data.carnegiehall.org/names/91153","Dina Pruzhansky"
"http://data.carnegiehall.org/names/117010","Lorenzo Porzio"
"http://data.carnegiehall.org/names/25128","Robert Kapilow"
"http://data.carnegiehall.org/names/52002","Sergei Rachmaninoff"
"http://data.carnegiehall.org/names/52737","Steve Coleman"
"http://data.carnegiehall.org/names/21162","Nikolay Medtner"
"http://data.carnegiehall.org/names/25089","Chinary Ung"
"http://data.carnegiehall.org/names/109759","David Broxton"
"http://data.carnegiehall.org/names/37041","Mario Castelnuovo-Tedesco"
"http://data.carnegiehall.org/names/92852","Chase Dobson"
"http://data.carnegiehall.org/names/132743","Christopher North"
"http://data.carnegiehall.org/names/69136","Béla Fleck"
"http://data.carnegiehall.org/names/33243","Toshiko Akiyoshi"
"http://data.carnegiehall.org/names/71701","Harry Connick Jr."
"http://data.carnegiehall.org/names/109713","Nikita Mndoyants"
"http://data.carnegiehall.org/names/29440","Nikos Gounaris"
"http://data.carnegiehall.org/names/121979","Russ Taff"
"http://data.carnegiehall.org/names/42394","Jim Hall"
"http://data.carnegiehall.org/names/18280","Kathleen McGuire"
"http://data.carnegiehall.org/names/67726","Eric W. Wilkinson"
"http://data.carnegiehall.org/names/56625","Carmelina Delfín"
"http://data.carnegiehall.org/names/42701","Henri Rabaud"
"http://data.carnegiehall.org/names/2266","Sergio Ricardo"
"http://data.carnegiehall.org/names/78139","Greg Kurstin"
"http://data.carnegiehall.org/names/58322","David Burge"
"http://data.carnegiehall.org/names/121951","Sigurd Hole"
"http://data.carnegiehall.org/names/126859","Manolo Da Rold"
"http://data.carnegiehall.org/names/127536","Tina Weymouth"
"http://data.carnegiehall.org/names/125058","Mieko Shiomi"
"http://data.carnegiehall.org/names/27524","Virginia-Gene Rittenhouse"
"http://data.carnegiehall.org/names/132534","Johan Farjot"
"http://data.carnegiehall.org/names/49603","Harvey Schmidt"
"http://data.carnegiehall.org/names/55371","Cedar Walton"
"http://data.carnegiehall.org/names/14198","Homer Lambrecht"
"http://data.carnegiehall.org/names/49132","William Lawrence"
"http://data.carnegiehall.org/names/63059","Lawrence Yurman"
"http://data.carnegiehall.org/names/5943","Hao Jiang Tian"
"http://data.carnegiehall.org/names/28199","Pauline Winslow"
"http://data.carnegiehall.org/names/34018","Stan Kenton"
"http://data.carnegiehall.org/names/49039","Enrico Macias"
"http://data.carnegiehall.org/names/43658","Billy Connolly"
"http://data.carnegiehall.org/names/66369","Adam Guettel"
"http://data.carnegiehall.org/names/93783","Jeff Bennett"
"http://data.carnegiehall.org/names/37593","Chick Corea"
"http://data.carnegiehall.org/names/122175","Jordi Barceló"
"http://data.carnegiehall.org/names/34392","John McLaughlin"
"http://data.carnegiehall.org/names/49107","Sergio Bruni"
"http://data.carnegiehall.org/names/95225","Philipp Gerschlauer"
"http://data.carnegiehall.org/names/9923","Robert Bonfiglio"
"http://data.carnegiehall.org/names/128344","Stanley Hollingsworth"
"http://data.carnegiehall.org/names/22906","Michael Palmieri"
"http://data.carnegiehall.org/names/127963","Marvin Paul Feinsmith"
"http://data.carnegiehall.org/names/34473","Joe Venuti"
"http://data.carnegiehall.org/names/13852","Robert Emil Pollock"
"http://data.carnegiehall.org/names/113414","Aram Schefrin"
"http://data.carnegiehall.org/names/76016","Stephen Hartke"
"http://data.carnegiehall.org/names/83392","Benny Golson"
"http://data.carnegiehall.org/names/50177","Jerry Herman"
"http://data.carnegiehall.org/names/31777","Nuno Bettencourt"
"http://data.carnegiehall.org/names/84330","Kevin Cato"
"http://data.carnegiehall.org/names/102425","Horace Johnson"
"http://data.carnegiehall.org/names/126677","Tatev Amiryan"
"http://data.carnegiehall.org/names/130495","Dua Lipa"
"http://data.carnegiehall.org/names/28928","Paul Hindemith"
"http://data.carnegiehall.org/names/57390","Shmuel Ferszko"
"http://data.carnegiehall.org/names/131261","Tom Trenney"
"http://data.carnegiehall.org/names/1656","Nathan Milstein"
"http://data.carnegiehall.org/names/43615","Marco Rizo"
"http://data.carnegiehall.org/names/19869","Robert Manno"
"http://data.carnegiehall.org/names/17796","Lazar Weiner"
"http://data.carnegiehall.org/names/87294","Gary Fry"
"http://data.carnegiehall.org/names/96782","Thomas Dunford"
"http://data.carnegiehall.org/names/132257","Laurence Rosenthal"
"http://data.carnegiehall.org/names/80529","Kimball Gallagher"
"http://data.carnegiehall.org/names/61163","Antonio Lora"
"http://data.carnegiehall.org/names/11898","George Steiner"
"http://data.carnegiehall.org/names/43736","Ann Hampton Callaway"
"http://data.carnegiehall.org/names/35224","Julius Herrmann"
"http://data.carnegiehall.org/names/74148","Kaki King"
"http://data.carnegiehall.org/names/87218","John Korsrud"
"http://data.carnegiehall.org/names/90689","David Templeton"
"http://data.carnegiehall.org/names/36459","Thomas C. Duffy"
"http://data.carnegiehall.org/names/12934","Thomas Pasatieri"
"http://data.carnegiehall.org/names/14271","Billy Strayhorn"
"http://data.carnegiehall.org/names/29070","Ruth Schonthal"
"http://data.carnegiehall.org/names/104131","Julia Ehninger"
"http://data.carnegiehall.org/names/13593","A. W. Binder"
"http://data.carnegiehall.org/names/44053","Paul Desenne"
"http://data.carnegiehall.org/names/96847","Valeri Grokhovski"
"http://data.carnegiehall.org/names/72452","DJ Spooky"
"http://data.carnegiehall.org/names/55388","Darius Brubeck"
"http://data.carnegiehall.org/names/59676","Stefon Harris"
"http://data.carnegiehall.org/names/79802","Gary Madison"
"http://data.carnegiehall.org/names/83643","Vivian Fine"
"http://data.carnegiehall.org/names/6448","Horacio Laguna"
"http://data.carnegiehall.org/names/32267","Ruby Braff"
"http://data.carnegiehall.org/names/53253","J. Ignatius Coveney"
"http://data.carnegiehall.org/names/102228","Junho Lee"
"http://data.carnegiehall.org/names/68534","Ingrid Jensen"
"http://data.carnegiehall.org/names/103593","Will Nunziata"
"http://data.carnegiehall.org/names/76200","Oumou Sangare"
"http://data.carnegiehall.org/names/79206","Larry Lockwood"
"http://data.carnegiehall.org/names/1239","Alirio Díaz"
"http://data.carnegiehall.org/names/44004","Jacques Brel"
"http://data.carnegiehall.org/names/15436","Thiago de Mello"
"http://data.carnegiehall.org/names/17136","John Faulkner"
"http://data.carnegiehall.org/names/18308","McCoy Tyner"
"http://data.carnegiehall.org/names/5536","Claus Adam"
"http://data.carnegiehall.org/names/10446","Robert Hart Baker"
"http://data.carnegiehall.org/names/84306","Thomas Root"
"http://data.carnegiehall.org/names/62623","Denzil Best"
"http://data.carnegiehall.org/names/24425","Franz Pillinger"
"http://data.carnegiehall.org/names/11003","Tim Ries"
"http://data.carnegiehall.org/names/8480","P. Venezia"
"http://data.carnegiehall.org/names/131048","Guillermo Klein"
"http://data.carnegiehall.org/names/22028","Jennifer Higdon"
"http://data.carnegiehall.org/names/85997","Christos Rafalides"
"http://data.carnegiehall.org/names/62540","Lynn Hope"
"http://data.carnegiehall.org/names/62691","Mike Block"
"http://data.carnegiehall.org/names/16495","Neil Diamond"
"http://data.carnegiehall.org/names/1197","William Legrand Howland"
"http://data.carnegiehall.org/names/72775","Yasmin Levy"
"http://data.carnegiehall.org/names/86261","Hiromi"
"http://data.carnegiehall.org/names/15840","Craig Harris"
"http://data.carnegiehall.org/names/44362","Douglas Anderson"
"http://data.carnegiehall.org/names/65434","Jimmy Webb"
"http://data.carnegiehall.org/names/1343","Ferruccio Busoni"
"http://data.carnegiehall.org/names/111797","Brian Neal"
"http://data.carnegiehall.org/names/87913","Silvio Rodríguez"
"http://data.carnegiehall.org/names/29301","Robert Chumbley"
"http://data.carnegiehall.org/names/35707","Carlos Franzetti"
"http://data.carnegiehall.org/names/46679","Federico Longás"
"http://data.carnegiehall.org/names/56064","Graham Nash"
"http://data.carnegiehall.org/names/25289","Stochelo Rosenberg"
"http://data.carnegiehall.org/names/71138","Clifton J. Noble"
"http://data.carnegiehall.org/names/93892","Dawn Kenney"
"http://data.carnegiehall.org/names/47364","Julio Andino"
"http://data.carnegiehall.org/names/77587","Dulce Pontes"
"http://data.carnegiehall.org/names/58900","Timothée Adamowski"
"http://data.carnegiehall.org/names/32886","Harry Belafonte"
"http://data.carnegiehall.org/names/27964","Daniel Brewbaker"
"http://data.carnegiehall.org/names/32553","Julius Epstein"
"http://data.carnegiehall.org/names/13739","Michael Finckel"
"http://data.carnegiehall.org/names/11159","Neil Young"
"http://data.carnegiehall.org/names/54556","Giovanni Sollima"
"http://data.carnegiehall.org/names/99859","Sebastian Currier"
"http://data.carnegiehall.org/names/118963","Lindsey Buckingham"
"http://data.carnegiehall.org/names/131825","Ernest Lubin"
"http://data.carnegiehall.org/names/28127","Patricia Parr"
"http://data.carnegiehall.org/names/40688","Henri Pousseur"
"http://data.carnegiehall.org/names/60772","Vincenzo De Crescenzo"
"http://data.carnegiehall.org/names/43907","Jo Amar"
"http://data.carnegiehall.org/names/5928","Arnold Volpe"
"http://data.carnegiehall.org/names/97880","Sean Ivory"
"http://data.carnegiehall.org/names/78291","Johnny Guarnieri"
"http://data.carnegiehall.org/names/45785","Mary Henry"
"http://data.carnegiehall.org/names/69355","Richard Wright"
"http://data.carnegiehall.org/names/26815","Chaka Khan"
"http://data.carnegiehall.org/names/120782","Sehun Jung"
"http://data.carnegiehall.org/names/2846","Art Farmer"
"http://data.carnegiehall.org/names/55518","Steve Martin"
"http://data.carnegiehall.org/names/110988","Georgia Stitt"
"http://data.carnegiehall.org/names/17626","Carla Margolis"
"http://data.carnegiehall.org/names/27032","Harry Lemonopoulos"
"http://data.carnegiehall.org/names/44073","Martin Kalmanoff"
"http://data.carnegiehall.org/names/75566","Joseph Shabalala"
"http://data.carnegiehall.org/names/55616","Virko Baley"
"http://data.carnegiehall.org/names/59905","Herbert Deutsch"
"http://data.carnegiehall.org/names/36394","William J. Kitchener"
"http://data.carnegiehall.org/names/48349","Bill Cantos"
"http://data.carnegiehall.org/names/53688","Stanislas Niedzielski"
"http://data.carnegiehall.org/names/131193","Carlos Henriquez"
"http://data.carnegiehall.org/names/30777","Todd Levin"
"http://data.carnegiehall.org/names/65049","George Wiegand"
"http://data.carnegiehall.org/names/49040","George Mead"
"http://data.carnegiehall.org/names/115093","Amanda Jacobs"
"http://data.carnegiehall.org/names/28797","Mike Mainieri"
"http://data.carnegiehall.org/names/79047","Elizabeth Ziman"
"http://data.carnegiehall.org/names/52704","Tod Machover"
"http://data.carnegiehall.org/names/29974","Archer Leslie Hood"
"http://data.carnegiehall.org/names/72173","Vadim Rubinskiy"
"http://data.carnegiehall.org/names/19979","Elias Guzman"
"http://data.carnegiehall.org/names/38545","Luis Kalaff"
"http://data.carnegiehall.org/names/65327","Daniel Buttner"
"http://data.carnegiehall.org/names/60135","Weldon Irvine"
"http://data.carnegiehall.org/names/56747","Wilhelm Gericke"
"http://data.carnegiehall.org/names/69341","William Maselli"
"http://data.carnegiehall.org/names/52566","Art Tatum"
"http://data.carnegiehall.org/names/65590","Angie Stone"
"http://data.carnegiehall.org/names/51508","Louise Talma"
"http://data.carnegiehall.org/names/125034","Elizabeth Gyring"
"http://data.carnegiehall.org/names/45750","Bob Thompson"
"http://data.carnegiehall.org/names/86218","Keith F. Spencer"
"http://data.carnegiehall.org/names/102806","Robert M. Abramson"
"http://data.carnegiehall.org/names/105161","Harry Robert Wilson"
"http://data.carnegiehall.org/names/19948","Christian Schiott"
"http://data.carnegiehall.org/names/23693","Edward MacDowell"
"http://data.carnegiehall.org/names/76022","Fung Chern Hwei"
"http://data.carnegiehall.org/names/54341","Glenn Gould"
"http://data.carnegiehall.org/names/4942","Gilbert Bécaud"
"http://data.carnegiehall.org/names/100684","Ronnie Verrell"
"http://data.carnegiehall.org/names/19318","John Giordano"
"http://data.carnegiehall.org/names/57249","William Komaiko"
"http://data.carnegiehall.org/names/106564","D. F."
"http://data.carnegiehall.org/names/49143","Harold Morris"
"http://data.carnegiehall.org/names/68233","Paul Arma"
"http://data.carnegiehall.org/names/115744","Katie Boeck"
"http://data.carnegiehall.org/names/90904","William Susman"
"http://data.carnegiehall.org/names/31020","Vitalij Kuprij"
"http://data.carnegiehall.org/names/109069","Andrea Ramsey"
"http://data.carnegiehall.org/names/130771","Finn Wiest"
"http://data.carnegiehall.org/names/72787","Stephen Jaffe"
"http://data.carnegiehall.org/names/88200","Leonardo Le San"
"http://data.carnegiehall.org/names/59539","Emmerich Kálmán"
"http://data.carnegiehall.org/names/120337","Hiro Hayashida"
"http://data.carnegiehall.org/names/88146","Temur Kvitelashvili"
"http://data.carnegiehall.org/names/129380","Georgina Palmer"
"http://data.carnegiehall.org/names/108291","Sara Watkins"
"http://data.carnegiehall.org/names/116002","Vaughn Monroe"
"http://data.carnegiehall.org/names/109741","Michael J. Glasgow"
"http://data.carnegiehall.org/names/76570","Michael Bulychev-Okser"
"http://data.carnegiehall.org/names/104601","Christopher Fludd"
"http://data.carnegiehall.org/names/123682","Donald Marsh"
"http://data.carnegiehall.org/names/5461","Bob Chilcott"
"http://data.carnegiehall.org/names/27641","Pablo Casals"
"http://data.carnegiehall.org/names/29399","Sting"
"http://data.carnegiehall.org/names/55434","Edward Falck"
"http://data.carnegiehall.org/names/8908","David Santos"
"http://data.carnegiehall.org/names/39409","Olly Wilson"
"http://data.carnegiehall.org/names/21339","Mortimer Wilson"
"http://data.carnegiehall.org/names/52304","Pietro Cimara"
"http://data.carnegiehall.org/names/59309","Don McLean"
"http://data.carnegiehall.org/names/32029","Robert Crawford"
"http://data.carnegiehall.org/names/57163","Larry Ridley"
"http://data.carnegiehall.org/names/27205","Pharoah Sanders"
"http://data.carnegiehall.org/names/121290","Tori Kelly"
"http://data.carnegiehall.org/names/67671","Guoliang Zhao"
"http://data.carnegiehall.org/names/59157","Ned Rorem"
"http://data.carnegiehall.org/names/125778","Ramón Catalán"
"http://data.carnegiehall.org/names/46919","John Ratledge"
"http://data.carnegiehall.org/names/88829","Emily Bear"
"http://data.carnegiehall.org/names/3080","Atahualpa Yupanqui"
"http://data.carnegiehall.org/names/60471","Matthew Pierce"
"http://data.carnegiehall.org/names/76876","Eric W. Knight"
"http://data.carnegiehall.org/names/128590","John Herbert McDowell"
"http://data.carnegiehall.org/names/86128","Hafez Nazeri"
"http://data.carnegiehall.org/names/130217","Erika Lloyd"
"http://data.carnegiehall.org/names/97987","Heather Sorenson"
"http://data.carnegiehall.org/names/65505","Caetano Zama"
"http://data.carnegiehall.org/names/66770","Jeffrey Cobb"
"http://data.carnegiehall.org/names/76048","Dmitri Levkovich"
"http://data.carnegiehall.org/names/3926","Kevin Oldham"
"http://data.carnegiehall.org/names/44116","Percival Parham"
"http://data.carnegiehall.org/names/17563","Ottorino Respighi"
"http://data.carnegiehall.org/names/59753","Harold Seletsky"
"http://data.carnegiehall.org/names/16141","Sergei Matusewitch"
"http://data.carnegiehall.org/names/117511","David Hykes"
"http://data.carnegiehall.org/names/17748","Antonio D'Annunzio"
"http://data.carnegiehall.org/names/23742","Will C. Macfarlane"
"http://data.carnegiehall.org/names/58474","Robert L. Morris"
"http://data.carnegiehall.org/names/24447","Kurt Coble"
"http://data.carnegiehall.org/names/122313","Sergei Voitenko"
"http://data.carnegiehall.org/names/18278","Roger Ames"
"http://data.carnegiehall.org/names/130505","Winston Marshall"
"http://data.carnegiehall.org/names/3869","Jon Hendricks"
"http://data.carnegiehall.org/names/97606","Stephen Sondheim"
"http://data.carnegiehall.org/names/29062","Emilio Roxas"
"http://data.carnegiehall.org/names/32487","Chet Atkins"
"http://data.carnegiehall.org/names/56994","Babatunde Olatunji"
"http://data.carnegiehall.org/names/15797","Quinto Maganini"
"http://data.carnegiehall.org/names/34205","Patrick Laird"
"http://data.carnegiehall.org/names/88860","Douglas J. Cuomo"
"http://data.carnegiehall.org/names/63467","Peter Cetera"
"http://data.carnegiehall.org/names/30156","Benny Goodman"
"http://data.carnegiehall.org/names/74075","Hermine Hudon"
"http://data.carnegiehall.org/names/118959","Taylor Parks"
"http://data.carnegiehall.org/names/50104","Joel Chadabe"
"http://data.carnegiehall.org/names/52431","Leonard Feather"
"http://data.carnegiehall.org/names/6754","Hans Kronold"
"http://data.carnegiehall.org/names/51673","Paul Brandvik"
"http://data.carnegiehall.org/names/119100","Joe Jackson"
"http://data.carnegiehall.org/names/121492","Orfeh"
"http://data.carnegiehall.org/names/58236","Felix I. Eben"
"http://data.carnegiehall.org/names/108454","Apor Szuts"
"http://data.carnegiehall.org/names/43801","Jack Costanzo"
"http://data.carnegiehall.org/names/27926","Ted Piltzecker"
"http://data.carnegiehall.org/names/131739","George Kleinsinger"
"http://data.carnegiehall.org/names/101373","Ryan Murphy"
"http://data.carnegiehall.org/names/35060","Ray Bryant"
"http://data.carnegiehall.org/names/31188","Mikis Theodorakis"
"http://data.carnegiehall.org/names/32901","Ute Lemper"
"http://data.carnegiehall.org/names/24940","Abbey Lincoln"
"http://data.carnegiehall.org/names/52146","Mieczyslaw Litwinski"
"http://data.carnegiehall.org/names/102554","David Ortolà"
"http://data.carnegiehall.org/names/69855","Soweto Gospel Choir"
"http://data.carnegiehall.org/names/73345","Conrad Tao"
"http://data.carnegiehall.org/names/32723","Renee Rosnes"
"http://data.carnegiehall.org/names/44324","David Del Tredici"
"http://data.carnegiehall.org/names/124582","Goldy McJohn"
"http://data.carnegiehall.org/names/115227","Robert Scholz"
"http://data.carnegiehall.org/names/39717","Bruce Springsteen"
"http://data.carnegiehall.org/names/79828","Susan Kander"
"http://data.carnegiehall.org/names/23475","Michiko Akao"
"http://data.carnegiehall.org/names/40453","Gene Krupa"
"http://data.carnegiehall.org/names/14009","W. C. Handy"
"http://data.carnegiehall.org/names/39988","Bryceson Treharne"
"http://data.carnegiehall.org/names/20769","Marshall Butler"
"http://data.carnegiehall.org/names/96848","Nina Siniakova"
"http://data.carnegiehall.org/names/58777","Shura Cherkassky"
"http://data.carnegiehall.org/names/76731","Hugo Bornn"
"http://data.carnegiehall.org/names/2804","Edgar Meyer"
"http://data.carnegiehall.org/names/59717","Patsy Cline"
"http://data.carnegiehall.org/names/82512","Richard Barone"
"http://data.carnegiehall.org/names/12726","Leo Stern"
"http://data.carnegiehall.org/names/18562","Judy Collins"
"http://data.carnegiehall.org/names/84091","Shirley Caesar"
"http://data.carnegiehall.org/names/5224","Zygmunt Stojowski"
"http://data.carnegiehall.org/names/17795","Vladimir Heifetz"
"http://data.carnegiehall.org/names/92613","Susumu Ohnishi"
"http://data.carnegiehall.org/names/110004","Theodore Rodriguez"
"http://data.carnegiehall.org/names/54438","Hyung-ki Joo"
"http://data.carnegiehall.org/names/2107","Arthur Claassen"
"http://data.carnegiehall.org/names/28707","Lothar Perl"
"http://data.carnegiehall.org/names/2528","Richard Pearson Thomas"
"http://data.carnegiehall.org/names/31142","Robin Spielberg"
"http://data.carnegiehall.org/names/43841","Ivana Themmen"
"http://data.carnegiehall.org/names/10253","Alexander Hrisanide"
"http://data.carnegiehall.org/names/76007","Paul Raymond"
"http://data.carnegiehall.org/names/47185","Jon Hassell"
"http://data.carnegiehall.org/names/131705","Baptiste Trotignon"
"http://data.carnegiehall.org/names/55527","M. Muehlert"
"http://data.carnegiehall.org/names/3071","Juan Martín"
"http://data.carnegiehall.org/names/106757","Simon Beaudry"
"http://data.carnegiehall.org/names/108576","Craig Turner"
"http://data.carnegiehall.org/names/127533","Tomeka Reid"
"http://data.carnegiehall.org/names/84653","Bruce Maxwell"
"http://data.carnegiehall.org/names/36640","Andrejs Jansons"
"http://data.carnegiehall.org/names/62794","Ann Downing"
"http://data.carnegiehall.org/names/29342","Joseph Eidelson"
"http://data.carnegiehall.org/names/82824","Shahrokh Yadegari"
"http://data.carnegiehall.org/names/53443","Louis Karchin"
"http://data.carnegiehall.org/names/51766","Valeria Lynch"
"http://data.carnegiehall.org/names/120739","Russ Lawton"
"http://data.carnegiehall.org/names/18795","Lawrence Brown"
"http://data.carnegiehall.org/names/124570","Paul Rodgers"
"http://data.carnegiehall.org/names/69360","A. B. Simpson"
"http://data.carnegiehall.org/names/24231","Robert S. Cohen"
"http://data.carnegiehall.org/names/91848","Valerie Joi Fiddmont"
"http://data.carnegiehall.org/names/79018","Anna Clyne"
"http://data.carnegiehall.org/names/37742","Galt MacDermot"
"http://data.carnegiehall.org/names/42555","Stephen Melillo"
"http://data.carnegiehall.org/names/68785","Troy Peters"
"http://data.carnegiehall.org/names/13062","Catherine Kim"
"http://data.carnegiehall.org/names/12836","Robert S. Flagler"
"http://data.carnegiehall.org/names/113484","Allison Russell"
"http://data.carnegiehall.org/names/110018","Paul D. Weber"
"http://data.carnegiehall.org/names/23501","André Previn"
"http://data.carnegiehall.org/names/2828","John Powell"
"http://data.carnegiehall.org/names/97957","Johnny Chan"
"http://data.carnegiehall.org/names/29565","Narciso Figueroa"
"http://data.carnegiehall.org/names/70301","Wild Bill Davis"
"http://data.carnegiehall.org/names/62724","Lisa Bielawa"
"http://data.carnegiehall.org/names/49821","Robert Braine"
"http://data.carnegiehall.org/names/128993","David Aguilar"
"http://data.carnegiehall.org/names/36008","William Roy"
"http://data.carnegiehall.org/names/983","Theron Kirk"
"http://data.carnegiehall.org/names/53049","Evy Lucío"
"http://data.carnegiehall.org/names/67675","Anton Del Forno"
"http://data.carnegiehall.org/names/127534","Chris Frantz"
"http://data.carnegiehall.org/names/73889","Luigi Olari"
"http://data.carnegiehall.org/names/57387","Timothy Schultz"
"http://data.carnegiehall.org/names/120683","Gary Valenciano"
"http://data.carnegiehall.org/names/125970","Carl Craig"
"http://data.carnegiehall.org/names/28779","Samuel Siegel"
"http://data.carnegiehall.org/names/114532","Alma Micic"
"http://data.carnegiehall.org/names/61778","Leonid Chizhik"
"http://data.carnegiehall.org/names/59450","John Alden Carpenter"
"http://data.carnegiehall.org/names/105262","Martin Spitznagel"
"http://data.carnegiehall.org/names/89417","Chris P. Thompson"
"http://data.carnegiehall.org/names/25924","Carl Venth"
"http://data.carnegiehall.org/names/83489","Ken Lavigne"
"http://data.carnegiehall.org/names/6819","Wells Hively"
"http://data.carnegiehall.org/names/95216","Defne Sahin"
"http://data.carnegiehall.org/names/76769","Thomas A. Dorsey"
"http://data.carnegiehall.org/names/9870","Robert Maxwell"
"http://data.carnegiehall.org/names/106316","Simon Bucharoff"
"http://data.carnegiehall.org/names/129322","Dave Barnes"
"http://data.carnegiehall.org/names/131650","Irina Chirkova"
"http://data.carnegiehall.org/names/28553","Pauline Oliveros"
"http://data.carnegiehall.org/names/124744","Abel Zarate"
"http://data.carnegiehall.org/names/53887","Walter Legawiec"
"http://data.carnegiehall.org/names/72100","Jason Howland"
"http://data.carnegiehall.org/names/95196","Oh Land"
"http://data.carnegiehall.org/names/22527","Bill Harris"
"http://data.carnegiehall.org/names/12031","Joe Locke"
"http://data.carnegiehall.org/names/20756","Ernst Fischer"
"http://data.carnegiehall.org/names/88835","Eli Mattson"
"http://data.carnegiehall.org/names/66647","Caleb Burhans"
"http://data.carnegiehall.org/names/128823","Kevin Swierkosz-Lenart"
"http://data.carnegiehall.org/names/24392","Howard Barlow"
"http://data.carnegiehall.org/names/1269","Margot Netti"
"http://data.carnegiehall.org/names/16442","Cecil Taylor"
"http://data.carnegiehall.org/names/26961","Arne Nordheim"
"http://data.carnegiehall.org/names/128822","Roberto Piana"
"http://data.carnegiehall.org/names/125697","Vladimir Groudine"
"http://data.carnegiehall.org/names/120685","Hillary Lindsey"
"http://data.carnegiehall.org/names/1619","James Galway"
"http://data.carnegiehall.org/names/97108","Herbert Gordon"
"http://data.carnegiehall.org/names/12375","Jonathan Willcocks"
"http://data.carnegiehall.org/names/91517","Jeremiah Wolaver"
"http://data.carnegiehall.org/names/117968","Endea Owens"
"http://data.carnegiehall.org/names/1145","Del Staigers"
"http://data.carnegiehall.org/names/29222","Cécile Chaminade"
"http://data.carnegiehall.org/names/22407","Frank Sheridan"
"http://data.carnegiehall.org/names/57962","Carlos Salzedo"
"http://data.carnegiehall.org/names/73854","Matt Penman"
"http://data.carnegiehall.org/names/130130","Kurt Knecht"
"http://data.carnegiehall.org/names/46997","Paul J. Christiansen"
"http://data.carnegiehall.org/names/7777","Liana Issakadze"
"http://data.carnegiehall.org/names/124742","Richard Bean"
"http://data.carnegiehall.org/names/99853","Pedro Soler"
"http://data.carnegiehall.org/names/6978","Robert Capanna"
"http://data.carnegiehall.org/names/66963","Will Schwartz"
"http://data.carnegiehall.org/names/2130","Robert Casadesus"
"http://data.carnegiehall.org/names/93374","Kent Sangster"
"http://data.carnegiehall.org/names/61314","Larry Gatlin"
"http://data.carnegiehall.org/names/43393","Flip Phillips"
"http://data.carnegiehall.org/names/107437","Rongxin Peng"
"http://data.carnegiehall.org/names/45588","Odean Pope"
"http://data.carnegiehall.org/names/26261","Nancy Wertsch"
"http://data.carnegiehall.org/names/57755","Charles Mingus"
"http://data.carnegiehall.org/names/36116","Ralph L. Grosvenor"
"http://data.carnegiehall.org/names/10165","Eric Idle"
"http://data.carnegiehall.org/names/61798","Shane Shanahan"
"http://data.carnegiehall.org/names/57760","Jean Martinon"
"http://data.carnegiehall.org/names/72460","Dennis DeSantis"
"http://data.carnegiehall.org/names/61791","Sandeep Das"
"http://data.carnegiehall.org/names/48493","Billy Kerr"
"http://data.carnegiehall.org/names/121455","Abdul Majeed Abdullah"
"http://data.carnegiehall.org/names/28485","Terry Champlin"
"http://data.carnegiehall.org/names/56034","Angélique Kidjo"
"http://data.carnegiehall.org/names/57407","Joe Newman"
"http://data.carnegiehall.org/names/132679","Todd Agnew"
"http://data.carnegiehall.org/names/37301","Joe Loco"
"http://data.carnegiehall.org/names/38421","Edward Margetson"
"http://data.carnegiehall.org/names/17820","Herman W. Albert"
"http://data.carnegiehall.org/names/82800","Joan Manuel Serrat"
"http://data.carnegiehall.org/names/68193","Kristjan Randalu"
"http://data.carnegiehall.org/names/51197","Luther Henderson"
"http://data.carnegiehall.org/names/26781","Lawrence LeMasters"
"http://data.carnegiehall.org/names/116537","Noriko Ueda"
"http://data.carnegiehall.org/names/14759","Enrico Barraja"
"http://data.carnegiehall.org/names/128664","Gili Schwarzman"
"http://data.carnegiehall.org/names/111549","Kiana Ledé"
"http://data.carnegiehall.org/names/9239","Bogumil Sykora"
"http://data.carnegiehall.org/names/12091","Ottokar Novácek"
"http://data.carnegiehall.org/names/76768","Jimmie Lunceford"
"http://data.carnegiehall.org/names/41055","Siegfried Landau"
"http://data.carnegiehall.org/names/62567","Malina Rauschenfels"
"http://data.carnegiehall.org/names/39618","James DeMars"
"http://data.carnegiehall.org/names/5245","Felix Guenther"
"http://data.carnegiehall.org/names/64076","James Friskin"
"http://data.carnegiehall.org/names/14688","Channing Lefebvre"
"http://data.carnegiehall.org/names/26805","Michael Harrison"
"http://data.carnegiehall.org/names/58767","Barbara Jazwinski"
"http://data.carnegiehall.org/names/18239","Pyotr Ilyich Tchaikovsky"
"http://data.carnegiehall.org/names/44328","Karolyn Wells Bassett"
"http://data.carnegiehall.org/names/81831","Seidel Rovner"
"http://data.carnegiehall.org/names/39280","Sheldon Harnick"
"http://data.carnegiehall.org/names/16519","Edwin Hawkins"
"http://data.carnegiehall.org/names/77862","Judith Dvorkin"
"http://data.carnegiehall.org/names/108817","Shane M. Lynch"
"http://data.carnegiehall.org/names/69738","Dan Trueman"
"http://data.carnegiehall.org/names/62535","Lucky Millinder"
"http://data.carnegiehall.org/names/12946","Lorenzo Camilieri"
"http://data.carnegiehall.org/names/127285","Paul Guzzone"
"http://data.carnegiehall.org/names/68313","Scott Ethier"
"http://data.carnegiehall.org/names/50260","Robert Moevs"
"http://data.carnegiehall.org/names/119868","Larry Young"
"http://data.carnegiehall.org/names/59987","Richard Marx"
"http://data.carnegiehall.org/names/110861","Common"
"http://data.carnegiehall.org/names/24713","Byron J. Smith"
"http://data.carnegiehall.org/names/32397","Woody Guthrie"
"http://data.carnegiehall.org/names/13187","Jeronimas Kacinskas"
"http://data.carnegiehall.org/names/127501","Joseph Jones"
"http://data.carnegiehall.org/names/71605","Eric Chasalow"
"http://data.carnegiehall.org/names/103912","Samuel Dylan Rosner"
"http://data.carnegiehall.org/names/42260","Arthur Loesser"
"http://data.carnegiehall.org/names/121391","Alma Deutscher"
"http://data.carnegiehall.org/names/46927","John Ogdon"
"http://data.carnegiehall.org/names/39355","Niccolò Castiglioni"
"http://data.carnegiehall.org/names/69138","Elizabeth Borowsky"
"http://data.carnegiehall.org/names/28445","A. J. Davis"
"http://data.carnegiehall.org/names/16139","Alexander Alexay"
"http://data.carnegiehall.org/names/733","Jan Williams"
"http://data.carnegiehall.org/names/13283","Mari Cruz Galatas"
"http://data.carnegiehall.org/names/44486","Charles Facer"
"http://data.carnegiehall.org/names/8745","Frank Glover"
"http://data.carnegiehall.org/names/71787","Eugene D'Arpe"
"http://data.carnegiehall.org/names/37278","Gerard Carbonara"
"http://data.carnegiehall.org/names/38632","Joseph Bonnet"
"http://data.carnegiehall.org/names/70632","Missa Johnouchi"
"http://data.carnegiehall.org/names/97733","Erin Rogers"
"http://data.carnegiehall.org/names/5945","Alexander Grechaninov"
"http://data.carnegiehall.org/names/69352","Richard Trythall"
"http://data.carnegiehall.org/names/47017","Karl Harrington"
"http://data.carnegiehall.org/names/6868","Chen Yi"
"http://data.carnegiehall.org/names/2068","David Harrington"
"http://data.carnegiehall.org/names/112851","Heegan Lee"
"http://data.carnegiehall.org/names/9914","Ysaye Maria Barnwell"
"http://data.carnegiehall.org/names/92303","Brad Holmes"
"http://data.carnegiehall.org/names/52455","John Wyre"
"http://data.carnegiehall.org/names/56666","Belen Manuel"
"http://data.carnegiehall.org/names/94979","Jeremy Jordan"
"http://data.carnegiehall.org/names/130246","Black Violin"
"http://data.carnegiehall.org/names/35504","Petr Kotik"
"http://data.carnegiehall.org/names/22159","Gino Vannelli"
"http://data.carnegiehall.org/names/52124","Burton Lane"
"http://data.carnegiehall.org/names/35173","Steve Reich"
"http://data.carnegiehall.org/names/129325","Zayn Malik"
"http://data.carnegiehall.org/names/20131","Richard Lalli"
"http://data.carnegiehall.org/names/48867","Roberto Menescal"
"http://data.carnegiehall.org/names/53777","Bruno Skulte"
"http://data.carnegiehall.org/names/99098","Wayne Watson"
"http://data.carnegiehall.org/names/21977","Dimitri Toufexis"
"http://data.carnegiehall.org/names/18524","John Lennon"
"http://data.carnegiehall.org/names/61049","Sergio Assad"
"http://data.carnegiehall.org/names/62756","John Novacek"
"http://data.carnegiehall.org/names/81371","Anne-Marie Hildebrandt"
"http://data.carnegiehall.org/names/30279","David L. Brunner"
"http://data.carnegiehall.org/names/61153","Emma Eames"
"http://data.carnegiehall.org/names/49989","Leon Thomas"
"http://data.carnegiehall.org/names/129987","Júlio Pereira"
"http://data.carnegiehall.org/names/107215","Circa '95"
"http://data.carnegiehall.org/names/6652","Noa Ain"
"http://data.carnegiehall.org/names/94240","Antonio Ciacca"
"http://data.carnegiehall.org/names/126185","Basilius Alawad"
"http://data.carnegiehall.org/names/80986","Arshak Andriasov"
"http://data.carnegiehall.org/names/22151","Joaquín Nin-Culmell"
"http://data.carnegiehall.org/names/65435","Rob Mathes"
"http://data.carnegiehall.org/names/71700","Pedro Giraudo"
"http://data.carnegiehall.org/names/29562","Loris Tjeknavorian"
"http://data.carnegiehall.org/names/55365","Eldin Burton"
"http://data.carnegiehall.org/names/125845","Flying Lotus"
"http://data.carnegiehall.org/names/3668","Joe Ruddick"
"http://data.carnegiehall.org/names/48295","Emil Reyl"
"http://data.carnegiehall.org/names/94015","Mauricio Arias"
"http://data.carnegiehall.org/names/23707","Kid Ory"
"http://data.carnegiehall.org/names/125834","The Afield"
"http://data.carnegiehall.org/names/57696","John Fedchock"
"http://data.carnegiehall.org/names/77433","Michael Langemann"
"http://data.carnegiehall.org/names/42301","Howard Cable"
"http://data.carnegiehall.org/names/66363","Ryuichi Sakamoto"
"http://data.carnegiehall.org/names/42222","David Temperley"
"http://data.carnegiehall.org/names/547","Louis Fleury"
"http://data.carnegiehall.org/names/27944","Carlo Alberto Cappa"
"http://data.carnegiehall.org/names/4288","Otto Klemperer"
"http://data.carnegiehall.org/names/23956","David LaMarche"
"http://data.carnegiehall.org/names/129367","Changyao Zhu"
"http://data.carnegiehall.org/names/72454","John Zorn"
"http://data.carnegiehall.org/names/65043","A. Kuttner"
"http://data.carnegiehall.org/names/76003","Kim Simmonds"
"http://data.carnegiehall.org/names/29149","Kenny Barron"
"http://data.carnegiehall.org/names/46492","Huston Ray"
"http://data.carnegiehall.org/names/45794","Armin Schotte"
"http://data.carnegiehall.org/names/9519","Xiang Gao"
"http://data.carnegiehall.org/names/41472","Francis Bebey"
"http://data.carnegiehall.org/names/30394","Patti Thompson"
"http://data.carnegiehall.org/names/106345","Christofer Lovrin"
"http://data.carnegiehall.org/names/20440","Carly Simon"
"http://data.carnegiehall.org/names/97521","Dan Forrest"
"http://data.carnegiehall.org/names/47965","Woody Shaw"
"http://data.carnegiehall.org/names/123324","Pascal Le Boeuf"
"http://data.carnegiehall.org/names/57625","Kevin Eubanks"
"http://data.carnegiehall.org/names/21296","Gerald Ginsburg"
"http://data.carnegiehall.org/names/33553","Jan Tyler Andrus"
"http://data.carnegiehall.org/names/94075","Aoife O'Donovan"
"http://data.carnegiehall.org/names/73947","Julian Kytasty"
"http://data.carnegiehall.org/names/78568","Jake Heggie"
"http://data.carnegiehall.org/names/36604","Eduard Kremser"
"http://data.carnegiehall.org/names/66456","Isaac Hanson"
"http://data.carnegiehall.org/names/127113","Aaron Wyanski"
"http://data.carnegiehall.org/names/27876","Ossi Elokas"
"http://data.carnegiehall.org/names/91056","Phil Barfoot"
"http://data.carnegiehall.org/names/78913","Takako Asahina"
"http://data.carnegiehall.org/names/48006","Eric Watson"
"http://data.carnegiehall.org/names/38876","Jason Robert Brown"
"http://data.carnegiehall.org/names/47946","Ronn Yedidia"
"http://data.carnegiehall.org/names/35898","Mary Chapin Carpenter"
"http://data.carnegiehall.org/names/21944","Olli Mustonen"
"http://data.carnegiehall.org/names/125979","Aapo Similä"
"http://data.carnegiehall.org/names/13264","Junsuke Kawase"
"http://data.carnegiehall.org/names/55688","Han Sup Lee"
"http://data.carnegiehall.org/names/26011","Gino Mescoli"
"http://data.carnegiehall.org/names/33788","Gary Powell Nash"
"http://data.carnegiehall.org/names/122002","Debra Cook"
"http://data.carnegiehall.org/names/52953","Wayne Vaughn"
"http://data.carnegiehall.org/names/15164","Vlado Kolitsch"
"http://data.carnegiehall.org/names/93098","Justin Levitt"
"http://data.carnegiehall.org/names/15087","Jean Françaix"
"http://data.carnegiehall.org/names/21865","David Eggar"
"http://data.carnegiehall.org/names/22342","Tony Williams"
"http://data.carnegiehall.org/names/90747","David R. Hamilton"
"http://data.carnegiehall.org/names/45317","James M. Klein"
"http://data.carnegiehall.org/names/118850","Howard Rovics"
"http://data.carnegiehall.org/names/54061","Shad Collins"
"http://data.carnegiehall.org/names/89032","John Angotti"
"http://data.carnegiehall.org/names/17562","Alberto Salvi"
"http://data.carnegiehall.org/names/50696","Frank S. Hastings"
"http://data.carnegiehall.org/names/31866","Jacob Rapaport"
"http://data.carnegiehall.org/names/32912","Jerome Hines"
"http://data.carnegiehall.org/names/97646","John Michael Williams"
"http://data.carnegiehall.org/names/21682","Don Byron"
"http://data.carnegiehall.org/names/41532","Lionel Hampton"
"http://data.carnegiehall.org/names/92452","Evelina Puzaite"
"http://data.carnegiehall.org/names/61484","Ruth E. Dwyer"
"http://data.carnegiehall.org/names/76162","Pak Sang Won"
"http://data.carnegiehall.org/names/28470","Vytautas Bacevicius"
"http://data.carnegiehall.org/names/18487","Bob Haggart"
"http://data.carnegiehall.org/names/110185","Juana Molina"
"http://data.carnegiehall.org/names/4239","Paul Henneberg"
"http://data.carnegiehall.org/names/8181","Eddie Bert"
"http://data.carnegiehall.org/names/120940","Jamie Erekson"
"http://data.carnegiehall.org/names/7137","Jerry Goldsmith"
"http://data.carnegiehall.org/names/26004","William J. Dawson"
"http://data.carnegiehall.org/names/85985","Celine Cairo"
"http://data.carnegiehall.org/names/62319","Frederique Trunk"
"http://data.carnegiehall.org/names/24269","Jaromír Weinberger"
"http://data.carnegiehall.org/names/100278","Teri Walker"
"http://data.carnegiehall.org/names/31587","Stéphane Grappelli"
"http://data.carnegiehall.org/names/30277","Daniel Lentz"
"http://data.carnegiehall.org/names/5152","Rolf Urs Ringger"
"http://data.carnegiehall.org/names/14071","Emilio Pizzi"
"http://data.carnegiehall.org/names/43399","Jeremy Haladyna"
"http://data.carnegiehall.org/names/519","Richard Tauber"
"http://data.carnegiehall.org/names/42775","Christopher Dedrick"
"http://data.carnegiehall.org/names/43859","Hiram L. Friedlander"
"http://data.carnegiehall.org/names/114794","Ariel Horowitz"
"http://data.carnegiehall.org/names/31924","Adolph Baller"
"http://data.carnegiehall.org/names/119890","Carl Randall"
"http://data.carnegiehall.org/names/13597","Richard White"
"http://data.carnegiehall.org/names/49759","David Broekman"
"http://data.carnegiehall.org/names/111987","Tomás Kaco"
"http://data.carnegiehall.org/names/112729","Christian Mehler"
"http://data.carnegiehall.org/names/114261","Jan Meyerowitz"
"http://data.carnegiehall.org/names/8571","Jon Faddis"
"http://data.carnegiehall.org/names/53922","Emanuel Ondricek"
"http://data.carnegiehall.org/names/63665","Brian Ferneyhough"
"http://data.carnegiehall.org/names/68683","Eddie Vinson"
"http://data.carnegiehall.org/names/118965","Christine McVie"
"http://data.carnegiehall.org/names/39947","Clara Ward"
"http://data.carnegiehall.org/names/22142","Cecile LeVeille"
"http://data.carnegiehall.org/names/107282","Villalobos Brothers"
"http://data.carnegiehall.org/names/128834","Rina Seo"
"http://data.carnegiehall.org/names/55821","Cleophas R.E. Adderley"
"http://data.carnegiehall.org/names/35018","Larry Harlow"
"http://data.carnegiehall.org/names/17978","Giuseppe Bamboschek"
"http://data.carnegiehall.org/names/86606","Nadje Noordhuis"
"http://data.carnegiehall.org/names/50693","Félix Lavilla"
"http://data.carnegiehall.org/names/8335","Clifford Brown"
"http://data.carnegiehall.org/names/16174","Joe Lovano"
"http://data.carnegiehall.org/names/35057","Victor Kioulaphides"
"http://data.carnegiehall.org/names/33593","Marc-André Hamelin"
"http://data.carnegiehall.org/names/60442","David Sauberman"
"http://data.carnegiehall.org/names/86308","Mark Grey"
"http://data.carnegiehall.org/names/34448","Victoria Ulanovskaya"
"http://data.carnegiehall.org/names/65441","Burnet C. Tuthill"
"http://data.carnegiehall.org/names/79249","Robert A. Baughman"
"http://data.carnegiehall.org/names/78380","Laura Sedgwick Collins"
"http://data.carnegiehall.org/names/105174","Larry Nickel"
"http://data.carnegiehall.org/names/46599","Kenney Potter"
"http://data.carnegiehall.org/names/63135","Robert MacGimsey"
"http://data.carnegiehall.org/names/55827","Brenda Russell"
"http://data.carnegiehall.org/names/51414","Jeff Scott"
"http://data.carnegiehall.org/names/66458","Zac Hanson"
"http://data.carnegiehall.org/names/44600","Luigi Paparello"
"http://data.carnegiehall.org/names/78868","Page McConnell"
"http://data.carnegiehall.org/names/29325","Samuel Gardner"
"http://data.carnegiehall.org/names/107915","Yoshiki"
"http://data.carnegiehall.org/names/4510","Robert Ian Winstin"
"http://data.carnegiehall.org/names/53445","Jean Ashworth Bartle"
"http://data.carnegiehall.org/names/130311","Christopher H. Harris"
"http://data.carnegiehall.org/names/10968","Juan Bruno Tarraza"
"http://data.carnegiehall.org/names/38268","Lucía Caruso"
"http://data.carnegiehall.org/names/130781","Juri Kim Pang"
"http://data.carnegiehall.org/names/9012","David Raksin"
"http://data.carnegiehall.org/names/128944","Robert Russell"
"http://data.carnegiehall.org/names/49652","Peter Dickinson"
"http://data.carnegiehall.org/names/79295","Thomas Adès"
"http://data.carnegiehall.org/names/27886","Mark O'Connor"
"http://data.carnegiehall.org/names/50599","Richard Pierce Milner"
"http://data.carnegiehall.org/names/96718","Carolina Campero"
"http://data.carnegiehall.org/names/74376","Elmo Russ"
"http://data.carnegiehall.org/names/21281","Allen Anderson"
"http://data.carnegiehall.org/names/61006","Richard Wilson"
"http://data.carnegiehall.org/names/42066","José Feliciano"
"http://data.carnegiehall.org/names/22270","Germaine Tailleferre"
"http://data.carnegiehall.org/names/120684","Natalie Hemby"
"http://data.carnegiehall.org/names/118402","Bruce Rockwell"
"http://data.carnegiehall.org/names/48504","Nurit Tilles"
"http://data.carnegiehall.org/names/42852","Marc Blitzstein"
"http://data.carnegiehall.org/names/42616","Bob James"
"http://data.carnegiehall.org/names/91521","Javier Santiago"
"http://data.carnegiehall.org/names/27070","Xiao-Fen Min"
"http://data.carnegiehall.org/names/14486","Eumir Deodato"
"http://data.carnegiehall.org/names/92477","Bruno Mars"
"http://data.carnegiehall.org/names/73497","Sufjan Stevens"
"http://data.carnegiehall.org/names/77738","Mark Hayes"
"http://data.carnegiehall.org/names/18505","Todd Rundgren"
"http://data.carnegiehall.org/names/35814","Dori Caymmi"
"http://data.carnegiehall.org/names/12429","Enzo Stuarti"
"http://data.carnegiehall.org/names/73566","Douglas Lora"
"http://data.carnegiehall.org/names/121741","Manu Dibango"
"http://data.carnegiehall.org/names/26025","John Musto"
"http://data.carnegiehall.org/names/66165","Vinicius Cantuaria"
"http://data.carnegiehall.org/names/35775","Danny C. Holt"
"http://data.carnegiehall.org/names/5820","Kenny Dorham"
"http://data.carnegiehall.org/names/119795","J. C. White"
"http://data.carnegiehall.org/names/61752","Eric Harland"
"http://data.carnegiehall.org/names/60823","Neely Bruce"
"http://data.carnegiehall.org/names/20016","Friedemann Graef"
"http://data.carnegiehall.org/names/73106","Emily Eagen"
"http://data.carnegiehall.org/names/124674","Mitchell Holman"
"http://data.carnegiehall.org/names/113307","J. Reese Norris"
"http://data.carnegiehall.org/names/50981","Gerald Weale"
"http://data.carnegiehall.org/names/121443","Tom DeLonge"
"http://data.carnegiehall.org/names/18768","Odd-Arne Jacobsen"
"http://data.carnegiehall.org/names/71599","Mitch Maguire"
"http://data.carnegiehall.org/names/87408","David T. Clydesdale"
"http://data.carnegiehall.org/names/56166","Oley Speaks"
"http://data.carnegiehall.org/names/12186","Lauren Kinhan"
"http://data.carnegiehall.org/names/36517","Richard Horowitz"
"http://data.carnegiehall.org/names/22832","Andres Liigand"
"http://data.carnegiehall.org/names/123344","Peter Ré"
"http://data.carnegiehall.org/names/4816","Easley Blackwood"
"http://data.carnegiehall.org/names/454","Daniel Asia"
"http://data.carnegiehall.org/names/122409","Ziad Rahbani"
"http://data.carnegiehall.org/names/4071","Geoffrey O'Hara"
"http://data.carnegiehall.org/names/129985","Pedro Luis Ferrer"
"http://data.carnegiehall.org/names/54577","Gunter Hampel"
"http://data.carnegiehall.org/names/63190","Ludwig Lanel"
"http://data.carnegiehall.org/names/88538","Jussi Chydenius"
"http://data.carnegiehall.org/names/29751","Donnie McClurkin"
"http://data.carnegiehall.org/names/105521","Martha Redbone"
"http://data.carnegiehall.org/names/121360","Sherman Van Solkema"
"http://data.carnegiehall.org/names/56703","Billy Bauer"
"http://data.carnegiehall.org/names/96803","Pauline Scanlon"
"http://data.carnegiehall.org/names/36145","Chet Baker"
"http://data.carnegiehall.org/names/122909","Larry Grossman"
"http://data.carnegiehall.org/names/58954","Dave Samuels"
"http://data.carnegiehall.org/names/73249","Amy Grant"
"http://data.carnegiehall.org/names/85673","Andrea Corr"
"http://data.carnegiehall.org/names/1195","Teddy Wilson"
"http://data.carnegiehall.org/names/75427","Dong-Won Kim"
"http://data.carnegiehall.org/names/37966","Earl Wild"
"http://data.carnegiehall.org/names/43410","Emilian Sichkin"
"http://data.carnegiehall.org/names/8421","Moby"
"http://data.carnegiehall.org/names/36964","Jorge Morel"
"http://data.carnegiehall.org/names/36021","Josef Rosenblatt"
"http://data.carnegiehall.org/names/12066","Sy Oliver"
"http://data.carnegiehall.org/names/88882","Sophia Serghi"
"http://data.carnegiehall.org/names/25800","Noble Sissle"
"http://data.carnegiehall.org/names/124875","Vladimir Derwies"
"http://data.carnegiehall.org/names/19186","Bruno Oscar Klein"
"http://data.carnegiehall.org/names/21284","Hubert Laws"
"http://data.carnegiehall.org/names/66341","Michael Gordon"
"http://data.carnegiehall.org/names/89414","James MacMillan"
"http://data.carnegiehall.org/names/123697","John Edmunds"
"http://data.carnegiehall.org/names/45157","Amanda Green"
"http://data.carnegiehall.org/names/52681","Elizabeth Cotten"
"http://data.carnegiehall.org/names/46294","Goddard Lieberson"
"http://data.carnegiehall.org/names/14334","Arthur Honegger"
"http://data.carnegiehall.org/names/38673","Roumi Petrova"
"http://data.carnegiehall.org/names/54421","Herbert Brün"
"http://data.carnegiehall.org/names/37290","Ruggero Leoncavallo"
"http://data.carnegiehall.org/names/3916","Arthur Ferrante"
"http://data.carnegiehall.org/names/5674","Ahmad Jamal"
"http://data.carnegiehall.org/names/15447","Muddy Waters"
"http://data.carnegiehall.org/names/96116","Leland Thompson"
"http://data.carnegiehall.org/names/38099","F. J. Halm"
"http://data.carnegiehall.org/names/117534","Sabeth Pérez"
"http://data.carnegiehall.org/names/22659","Bob Moses"
"http://data.carnegiehall.org/names/69348","Andrew Stiller"
"http://data.carnegiehall.org/names/63658","Paolo Renzi"
"http://data.carnegiehall.org/names/42305","Alexander Lang Steinert"
"http://data.carnegiehall.org/names/22636","Thomas E. Barker"
"http://data.carnegiehall.org/names/45357","Lenny White"
"http://data.carnegiehall.org/names/40556","Jocy de Oliveira"
"http://data.carnegiehall.org/names/54072","Steven R. Huter"
"http://data.carnegiehall.org/names/77102","George Benjamin"
"http://data.carnegiehall.org/names/48832","Cameron Wilson"
"http://data.carnegiehall.org/names/94231","Aleksander Sternfeld-Dunn"
"http://data.carnegiehall.org/names/18791","Juan Tizol"
"http://data.carnegiehall.org/names/28374","Sol Kaplan"
"http://data.carnegiehall.org/names/60576","Waleed Howrani"
"http://data.carnegiehall.org/names/33724","Will Marion Cook"
"http://data.carnegiehall.org/names/75749","Rupert Holmes"
"http://data.carnegiehall.org/names/79609","Tom Monte"
"http://data.carnegiehall.org/names/36480","Ralph Towner"
"http://data.carnegiehall.org/names/74248","Erwin Straus"
"http://data.carnegiehall.org/names/18403","Takako Yanagase"
"http://data.carnegiehall.org/names/22600","Richard Andrews"
"http://data.carnegiehall.org/names/130602","Rosephanye Powell"
"http://data.carnegiehall.org/names/121551","Invoke"
"http://data.carnegiehall.org/names/58930","Cornelius Rybner"
"http://data.carnegiehall.org/names/8369","István Anhalt"
"http://data.carnegiehall.org/names/20065","Len ""Boogsie"" Sharpe"
"http://data.carnegiehall.org/names/74979","Shigeru Morishita"
"http://data.carnegiehall.org/names/40555","Arthur Kampela"
"http://data.carnegiehall.org/names/85435","Bernhard Heiden"
"http://data.carnegiehall.org/names/67849","Magnus Martensson"
"http://data.carnegiehall.org/names/68309","Clint Edwards"
"http://data.carnegiehall.org/names/76603","Alfred Thieleker"
"http://data.carnegiehall.org/names/28619","Pete Candoli"
"http://data.carnegiehall.org/names/59823","Imants Mežaraups"
"http://data.carnegiehall.org/names/66490","Dakota MacLeod"
"http://data.carnegiehall.org/names/12447","Dick Hyman"
"http://data.carnegiehall.org/names/36217","Michael Tilson Thomas"
"http://data.carnegiehall.org/names/102909","Yunzhuo Gan"
"http://data.carnegiehall.org/names/100882","Khalil Rahmeh"
"http://data.carnegiehall.org/names/8641","Ezra Laderman"
"http://data.carnegiehall.org/names/54687","György Kurtág"
"http://data.carnegiehall.org/names/103141","Keith Hampton"
"http://data.carnegiehall.org/names/33190","N. Clifford Page"
"http://data.carnegiehall.org/names/15180","Chester W. Smith"
"http://data.carnegiehall.org/names/13668","Frederick Stock"
"http://data.carnegiehall.org/names/52656","Frederick J. Etzel"
"http://data.carnegiehall.org/names/56026","John Pizzarelli"
"http://data.carnegiehall.org/names/102334","Katy Perry"
"http://data.carnegiehall.org/names/2602","Adele Lewing"
"http://data.carnegiehall.org/names/12756","Channa Seidenberg"
"http://data.carnegiehall.org/names/45365","Sammy Price"
"http://data.carnegiehall.org/names/28772","Milt Hinton"
"http://data.carnegiehall.org/names/60076","Ellen Taaffe Zwilich"
"http://data.carnegiehall.org/names/41025","Charles Strouse"
"http://data.carnegiehall.org/names/71218","Roberto Scarcella Perino"
"http://data.carnegiehall.org/names/122177","Nemanja Bogunovic"
"http://data.carnegiehall.org/names/71981","Caroline Maben Flower"
"http://data.carnegiehall.org/names/124179","Livingston Taylor"
"http://data.carnegiehall.org/names/33301","Carl Davis"
"http://data.carnegiehall.org/names/73595","John P. Lynch"
"http://data.carnegiehall.org/names/114437","Robert Livingston Aldridge"
"http://data.carnegiehall.org/names/82447","Taylor Eigsti"
"http://data.carnegiehall.org/names/8592","Malcolm Goldstein"
"http://data.carnegiehall.org/names/18903","Amanda Harberg"
"http://data.carnegiehall.org/names/40069","Alexander Scholz"
"http://data.carnegiehall.org/names/43580","Roger Sessions"
"http://data.carnegiehall.org/names/30024","Dinu Ghezzo"
"http://data.carnegiehall.org/names/55904","Anthony Strilko"
"http://data.carnegiehall.org/names/89436","Motoki Hirai"
"http://data.carnegiehall.org/names/26790","Michel Gusikoff"
"http://data.carnegiehall.org/names/25439","Michael P. Atkinson"
"http://data.carnegiehall.org/names/132803","Vickie Winans"
"http://data.carnegiehall.org/names/22777","George Antheil"
"http://data.carnegiehall.org/names/103686","Julián De la Chica"
"http://data.carnegiehall.org/names/117436","Joel Balzun"
"http://data.carnegiehall.org/names/76915","Sarina Bachleitner"
"http://data.carnegiehall.org/names/56147","Yan Volodarsky"
"http://data.carnegiehall.org/names/52426","Mario Bauzá"
"http://data.carnegiehall.org/names/37004","Boris Levenson"
"http://data.carnegiehall.org/names/130014","Raymond Guy Wilson"
"http://data.carnegiehall.org/names/30590","Malcolm Sargent"
"http://data.carnegiehall.org/names/26138","Jorge Cardoso"
"http://data.carnegiehall.org/names/41293","Herschel Evans"
"http://data.carnegiehall.org/names/24091","Paul Olsen"
"http://data.carnegiehall.org/names/49565","Oscar Levant"
"http://data.carnegiehall.org/names/19006","Michael Feinstein"
"http://data.carnegiehall.org/names/6224","Thomas Lawrence Toscano"
"http://data.carnegiehall.org/names/110720","Yi-Yang Chen"
"http://data.carnegiehall.org/names/39608","Elliot Z. Levine"
"http://data.carnegiehall.org/names/25895","Andy Arcari"
"http://data.carnegiehall.org/names/124762","Corky Laing"
"http://data.carnegiehall.org/names/66132","Joe Walsh"
"http://data.carnegiehall.org/names/61742","Eric Nelson"
"http://data.carnegiehall.org/names/76084","Michael McElroy"
"http://data.carnegiehall.org/names/43785","César Camargo Mariano"
"http://data.carnegiehall.org/names/54504","Frederic Hand"
"http://data.carnegiehall.org/names/13238","Alfredo Sadel"
"http://data.carnegiehall.org/names/76432","Michael Schutz"
"http://data.carnegiehall.org/names/18763","Alexander Schreiner"
"http://data.carnegiehall.org/names/16550","Johannes Werschinger"
"http://data.carnegiehall.org/names/125547","Ricardo Herz"
"http://data.carnegiehall.org/names/1497","Lamar Stringfield"
"http://data.carnegiehall.org/names/131260","Darius Lim"
"http://data.carnegiehall.org/names/26819","Earl Hines"
"http://data.carnegiehall.org/names/101821","John Paul White"
"http://data.carnegiehall.org/names/18185","Domenico Modugno"
"http://data.carnegiehall.org/names/39889","Richard Strauss"
"http://data.carnegiehall.org/names/41879","Glenn McClure"
"http://data.carnegiehall.org/names/22536","Mark Kibble"
"http://data.carnegiehall.org/names/121648","Anthony Kiedis"
"http://data.carnegiehall.org/names/126186","Angela Boutros"
"http://data.carnegiehall.org/names/39824","Gustav Mahler"
"http://data.carnegiehall.org/names/129326","Hallerin Hilton Hill"
"http://data.carnegiehall.org/names/5390","Noro Morales"
"http://data.carnegiehall.org/names/74178","Steve Amerson"
"http://data.carnegiehall.org/names/23885","Ralph Farris"
"http://data.carnegiehall.org/names/125781","Carlos Zamora"
"http://data.carnegiehall.org/names/4673","Dudley Buck"
"http://data.carnegiehall.org/names/25513","Nadia Boulanger"
"http://data.carnegiehall.org/names/25589","Jay Shanik"
"http://data.carnegiehall.org/names/24930","Mark Warnow"
"http://data.carnegiehall.org/names/123205","Ronald Isley"
"http://data.carnegiehall.org/names/66489","Shirley Stewart Farmer"
"http://data.carnegiehall.org/names/29380","Yoav Talmi"
"http://data.carnegiehall.org/names/39494","David Barnett"
"http://data.carnegiehall.org/names/78881","Salvatore Di Vittorio"
"http://data.carnegiehall.org/names/101782","Patricia Leonard"
"http://data.carnegiehall.org/names/41995","Kiyoto Fujiwara"
"http://data.carnegiehall.org/names/1377","T-Bone Walker"
"http://data.carnegiehall.org/names/73891","Oedoen Partos"
"http://data.carnegiehall.org/names/28646","Erik Lawrence"
"http://data.carnegiehall.org/names/14103","Pete Seeger"
"http://data.carnegiehall.org/names/79317","Micki Grant"
"http://data.carnegiehall.org/names/16674","Hugo Becker"
"http://data.carnegiehall.org/names/41032","Leonora Milà"
"http://data.carnegiehall.org/names/116556","Nicolas Namoradze"
"http://data.carnegiehall.org/names/72459","Miles Brown"
"http://data.carnegiehall.org/names/131061","Helen Grime"
"http://data.carnegiehall.org/names/37784","Dom Salvador"
"http://data.carnegiehall.org/names/13360","Wenzel A. Raboch"
"http://data.carnegiehall.org/names/65473","Jacob Garchik"
"http://data.carnegiehall.org/names/64633","Francoise Choveaux"
"http://data.carnegiehall.org/names/124610","Chet Powers"
"http://data.carnegiehall.org/names/21361","Joel Weiskopf"
"http://data.carnegiehall.org/names/78204","Antonio Vilardi"
"http://data.carnegiehall.org/names/31262","Samuel Hsu"
"http://data.carnegiehall.org/names/86944","Adam B. Levowitz"
"http://data.carnegiehall.org/names/9783","Matteo Bensman"
"http://data.carnegiehall.org/names/74675","Omer Klein"
"http://data.carnegiehall.org/names/3353","Harold Farberman"
"http://data.carnegiehall.org/names/125294","Alice Jones"
"http://data.carnegiehall.org/names/19437","King James"
"http://data.carnegiehall.org/names/15288","H. Sylvester Krouse"
"http://data.carnegiehall.org/names/126954","Guy Mintus"
"http://data.carnegiehall.org/names/127280","Noshir Mody"
"http://data.carnegiehall.org/names/23975","Marian McPartland"
"http://data.carnegiehall.org/names/43470","Giacomo Quintano"
"http://data.carnegiehall.org/names/18238","Don Hammond"
"http://data.carnegiehall.org/names/76017","Fred Wesley"
"http://data.carnegiehall.org/names/30097","Emil J. Polak"
"http://data.carnegiehall.org/names/41588","Camille Saint-Saëns"
"http://data.carnegiehall.org/names/49418","John Dankworth"
"http://data.carnegiehall.org/names/46302","Hannibal Peterson"
"http://data.carnegiehall.org/names/91418","Jana Mashonee"
"http://data.carnegiehall.org/names/13298","Charlie Christian"
"http://data.carnegiehall.org/names/111199","XiRen Wang"
"http://data.carnegiehall.org/names/19867","Tommy Dorsey"
"http://data.carnegiehall.org/names/56711","Joe Henderson"
"http://data.carnegiehall.org/names/27984","Carlos Surinach"
"http://data.carnegiehall.org/names/63466","Terry Kath"
"http://data.carnegiehall.org/names/75542","Corey Dargel"
"http://data.carnegiehall.org/names/1340","James Swearingen"
"http://data.carnegiehall.org/names/93881","Michael Salter"
"http://data.carnegiehall.org/names/108312","Grace Hofheimer"
"http://data.carnegiehall.org/names/28178","Cozy Cole"
"http://data.carnegiehall.org/names/55560","Jacques-Louis Monod"
"http://data.carnegiehall.org/names/124532","Lester Williams"
"http://data.carnegiehall.org/names/60885","Lewis Bullock"
"http://data.carnegiehall.org/names/41753","Jeff Langley"
"http://data.carnegiehall.org/names/104418","Billy Barnes"
"http://data.carnegiehall.org/names/101494","Patrick Conway"
"http://data.carnegiehall.org/names/128034","Alexis Renee Ward"
"http://data.carnegiehall.org/names/96867","Helen Sung"
"http://data.carnegiehall.org/names/22320","Rafael Bullumba Landestoy"
"http://data.carnegiehall.org/names/131288","Gary Eskow"
"http://data.carnegiehall.org/names/66166","Christos Govetas"
"http://data.carnegiehall.org/names/131124","Clif Hardin"
"http://data.carnegiehall.org/names/2885","Frank Bencriscutto"
"http://data.carnegiehall.org/names/60060","Eugene Drucker"
"http://data.carnegiehall.org/names/35105","Eric Zivian"
"http://data.carnegiehall.org/names/49745","Eugene L. Seaman"
"http://data.carnegiehall.org/names/15732","Bimbetta"
"http://data.carnegiehall.org/names/87833","Paul A. Aitken"
"http://data.carnegiehall.org/names/107164","Warren Lee"
"http://data.carnegiehall.org/names/38422","Ulla Suokko"
"http://data.carnegiehall.org/names/3497","Eugene W. Allen"
"http://data.carnegiehall.org/names/54068","Phil Collins"
"http://data.carnegiehall.org/names/66128","Tom Fowler"
"http://data.carnegiehall.org/names/21022","Fenno Heath"
"http://data.carnegiehall.org/names/33536","Clifford Smith"
"http://data.carnegiehall.org/names/93784","Cliff Duren"
"http://data.carnegiehall.org/names/43487","José María Gallardo del Rey"
"http://data.carnegiehall.org/names/30876","Timothy Smith"
"http://data.carnegiehall.org/names/21867","Hozan Yamamoto"
"http://data.carnegiehall.org/names/44921","Alan Hovhaness"
"http://data.carnegiehall.org/names/54165","Mischa Elman"
"http://data.carnegiehall.org/names/22610","Freddie Green"
"http://data.carnegiehall.org/names/40776","Juanita Hall"
"http://data.carnegiehall.org/names/53878","Billy Harper"
"http://data.carnegiehall.org/names/45504","Dennis Wilson"
"http://data.carnegiehall.org/names/52503","A. Kraines"
"http://data.carnegiehall.org/names/75814","Bob Mintzer"
"http://data.carnegiehall.org/names/57873","Bob Dylan"
"http://data.carnegiehall.org/names/19365","Simeon Westbrooke"
"http://data.carnegiehall.org/names/121743","Yemi Alade"
"http://data.carnegiehall.org/names/13123","William Doerrfeld"
"http://data.carnegiehall.org/names/130146","Gregory Nabours"
"http://data.carnegiehall.org/names/9637","Edward Elgar"
"http://data.carnegiehall.org/names/62444","Jonathan Golove"
"http://data.carnegiehall.org/names/104469","Joey Molland"
"http://data.carnegiehall.org/names/48228","Paul Imperial"
"http://data.carnegiehall.org/names/73312","Ayuko Higuchi"
"http://data.carnegiehall.org/names/91877","Troy D. Robertson"
"http://data.carnegiehall.org/names/17642","Paul Engelskirchen"
"http://data.carnegiehall.org/names/56348","Arthur Pryor"
"http://data.carnegiehall.org/names/5500","Jean Ritchie"
"http://data.carnegiehall.org/names/13707","Bix Beiderbecke"
"http://data.carnegiehall.org/names/5535","Cornelius Dufallo"
"http://data.carnegiehall.org/names/92665","Rudresh Mahanthappa"
"http://data.carnegiehall.org/names/69622","Hall Overton"
"http://data.carnegiehall.org/names/8820","Allen Krantz"
"http://data.carnegiehall.org/names/41037","Glenn Osser"
"http://data.carnegiehall.org/names/79809","Ray Iwazumi"
"http://data.carnegiehall.org/names/5421","Ivan Lins"
"http://data.carnegiehall.org/names/79767","Julia Smith"
"http://data.carnegiehall.org/names/49955","Joanna Jordan"
"http://data.carnegiehall.org/names/112071","Seth Weaver"
"http://data.carnegiehall.org/names/76314","Suzue Nitobe"
"http://data.carnegiehall.org/names/95223","Manuel Schmiedel"
"http://data.carnegiehall.org/names/12090","Billy Joel"
"http://data.carnegiehall.org/names/67953","Brian Galante"
"http://data.carnegiehall.org/names/112727","Florian Herzog"
"http://data.carnegiehall.org/names/117728","Jason Yeager"
"http://data.carnegiehall.org/names/72509","David Downes"
"http://data.carnegiehall.org/names/7568","Geri Allen"
"http://data.carnegiehall.org/names/25590","Henry Loeb"
"http://data.carnegiehall.org/names/42135","Mick Jagger"
"http://data.carnegiehall.org/names/34940","Michael Jokubaitis"
"http://data.carnegiehall.org/names/51159","Kirt N. Mosier"
"http://data.carnegiehall.org/names/118099","Alexander L'Estrange"
"http://data.carnegiehall.org/names/47144","Serge Koussevitzky"
"http://data.carnegiehall.org/names/50403","Bobby Scott"
"http://data.carnegiehall.org/names/92881","Christopher Norton"
"http://data.carnegiehall.org/names/10358","Paul Winter"
"http://data.carnegiehall.org/names/31740","Cliff Scholl"
"http://data.carnegiehall.org/names/39309","Sascha Wolas"
"http://data.carnegiehall.org/names/21001","Rinde Eckert"
"http://data.carnegiehall.org/names/68594","Lizz Wright"
"http://data.carnegiehall.org/names/66170","Randy Newman"
"http://data.carnegiehall.org/names/13464","Jim McNeely"
"http://data.carnegiehall.org/names/55350","Joe Zawinul"
"http://data.carnegiehall.org/names/35512","Paul Taubman"
"http://data.carnegiehall.org/names/67207","Hui-Fen Min"
"http://data.carnegiehall.org/names/43205","O-Lan Jones"
"http://data.carnegiehall.org/names/89503","John Hartford"
"http://data.carnegiehall.org/names/85443","Andrea Bocelli"
"http://data.carnegiehall.org/names/66069","Salvador Ley"
"http://data.carnegiehall.org/names/60379","Arnett Cobb"
"http://data.carnegiehall.org/names/125052","Kuniharu Akiyama"
"http://data.carnegiehall.org/names/130283","Owain Park"
"http://data.carnegiehall.org/names/16695","Krzysztof Penderecki"
"http://data.carnegiehall.org/names/114529","Rob Deemer"
"http://data.carnegiehall.org/names/127120","Mikeila McQueston"
"http://data.carnegiehall.org/names/4686","Jeffrey Levine"
"http://data.carnegiehall.org/names/73823","Tanya Tagaq"
"http://data.carnegiehall.org/names/22759","Willem Willeke"
"http://data.carnegiehall.org/names/23297","Noel Coward"
"http://data.carnegiehall.org/names/131827","Arlene Zallman"
"http://data.carnegiehall.org/names/99659","Malek Jandali"
"http://data.carnegiehall.org/names/90345","Charles Camilleri"
"http://data.carnegiehall.org/names/111282","Tigran Hamasyan"
"http://data.carnegiehall.org/names/84654","Lukas Ligeti"
"http://data.carnegiehall.org/names/63461","Ray Manzarek"
"http://data.carnegiehall.org/names/1428","Jay McShann"
"http://data.carnegiehall.org/names/90706","Vincent Lyn"
"http://data.carnegiehall.org/names/127031","Joss Stone"
"http://data.carnegiehall.org/names/45377","Frank Foster"
"http://data.carnegiehall.org/names/102361","Jhosemaría De Niro"
"http://data.carnegiehall.org/names/101421","Nathalie Joachim"
"http://data.carnegiehall.org/names/130966","Gaayatri Kaundinya"
"http://data.carnegiehall.org/names/40509","Maynard Ferguson"
"http://data.carnegiehall.org/names/18989","Regan Ryzuk"
"http://data.carnegiehall.org/names/91644","Vladimir Pleshakov"
"http://data.carnegiehall.org/names/89140","Gil Gutiérrez"
"http://data.carnegiehall.org/names/125819","Kitt Wakeley"
"http://data.carnegiehall.org/names/20330","Dwight Andrews"
"http://data.carnegiehall.org/names/42994","Henry H. Leck"
"http://data.carnegiehall.org/names/59068","Jackson Berkey"
"http://data.carnegiehall.org/names/124005","Thelma Matesky"
"http://data.carnegiehall.org/names/127333","Ayanna Witter-Johnson"
"http://data.carnegiehall.org/names/17145","Jimmy Witherspoon"
"http://data.carnegiehall.org/names/4791","Rongchun Zhao"
"http://data.carnegiehall.org/names/4094","Jeff Baron"
"http://data.carnegiehall.org/names/124585","Jerry Edmonton"
"http://data.carnegiehall.org/names/91513","Alexander Wolaver"
"http://data.carnegiehall.org/names/20229","Budd Johnson"
"http://data.carnegiehall.org/names/21270","Bruce Sudano"
"http://data.carnegiehall.org/names/15278","Stanley Walden"
"http://data.carnegiehall.org/names/76328","Giuseppe Mulè"
"http://data.carnegiehall.org/names/29539","Aretha Franklin"
"http://data.carnegiehall.org/names/53926","Melanie"
"http://data.carnegiehall.org/names/125915","Aziza Mustafa Zadeh"
"http://data.carnegiehall.org/names/34780","Dar Williams"
"http://data.carnegiehall.org/names/118134","Mary McDonald"
"http://data.carnegiehall.org/names/91802","Brett William Dietz"
"http://data.carnegiehall.org/names/3777","Carl Friedberg"
"http://data.carnegiehall.org/names/23825","Morgan Powell"
"http://data.carnegiehall.org/names/25246","Mel Tormé"
"http://data.carnegiehall.org/names/51337","Clarence Williams"
"http://data.carnegiehall.org/names/117513","John Ashbery"
"http://data.carnegiehall.org/names/121978","James Hollihan"
"http://data.carnegiehall.org/names/82741","Eugene Broadnax"
"http://data.carnegiehall.org/names/21666","Theodore Hoch"
"http://data.carnegiehall.org/names/120376","Sean Statser"
"http://data.carnegiehall.org/names/45906","James F. Boyer"
"http://data.carnegiehall.org/names/34119","David Taylor"
"http://data.carnegiehall.org/names/41982","Donny Hathaway"
"http://data.carnegiehall.org/names/3329","Matt Lemmler"
"http://data.carnegiehall.org/names/11021","Mildred Wellerson"
"http://data.carnegiehall.org/names/9913","Saul Goodman"
"http://data.carnegiehall.org/names/112155","David Wallis"
"http://data.carnegiehall.org/names/8443","Harry Glantz"
"http://data.carnegiehall.org/names/37456","Moses Hogan"
"http://data.carnegiehall.org/names/116149","Zack Aretakis"
"http://data.carnegiehall.org/names/6389","Christiaan Kriens"
"http://data.carnegiehall.org/names/41764","Paul E. Oakley"
"http://data.carnegiehall.org/names/89812","Aviya Kopelman"
"http://data.carnegiehall.org/names/78761","Ola Gjeilo"
"http://data.carnegiehall.org/names/110259","Ilusha Tsinadze"
"http://data.carnegiehall.org/names/4007","Iwao Furusawa"
"http://data.carnegiehall.org/names/8400","Thomas J. Porter"
"http://data.carnegiehall.org/names/26767","Don Grolnick"
"http://data.carnegiehall.org/names/51858","Mary Ellen Callahan"
"http://data.carnegiehall.org/names/127334","Yvette Janine Jackson"
"http://data.carnegiehall.org/names/4945","Leon M. Kramer"
"http://data.carnegiehall.org/names/58844","Carlo Brizzi"
"http://data.carnegiehall.org/names/58028","Richard Hageman"
"http://data.carnegiehall.org/names/24011","Evalyn Steinbock"
"http://data.carnegiehall.org/names/40202","Thomas Demenga"
"http://data.carnegiehall.org/names/54055","Erroll Garner"
"http://data.carnegiehall.org/names/38461","Slim Gaillard"
"http://data.carnegiehall.org/names/26169","Milan Roder"
"http://data.carnegiehall.org/names/33117","Edward Tatnall Canby"
"http://data.carnegiehall.org/names/85684","Larry Mullen"
"http://data.carnegiehall.org/names/100854","Susan Nation"
"http://data.carnegiehall.org/names/115748","Paul Greene"
"http://data.carnegiehall.org/names/43976","Wayne Shorter"
"http://data.carnegiehall.org/names/77976","Alba Clemente"
"http://data.carnegiehall.org/names/127858","Amir Zaheri"
"http://data.carnegiehall.org/names/132240","Timothy Cheney"
"http://data.carnegiehall.org/names/132045","Frank Fox"
"http://data.carnegiehall.org/names/22530","Mervyn Warren"
"http://data.carnegiehall.org/names/57125","Peter Schickele"
"http://data.carnegiehall.org/names/125397","Leven Zuelke"
"http://data.carnegiehall.org/names/99622","Martín Palmeri"
"http://data.carnegiehall.org/names/32721","Addison F. Andrews"
"http://data.carnegiehall.org/names/110546","Ronen Shapira"
"http://data.carnegiehall.org/names/18852","Richard Hayman"
"http://data.carnegiehall.org/names/93609","Tian Ge"
"http://data.carnegiehall.org/names/130082","Sam Barsh"
"http://data.carnegiehall.org/names/11937","Glory Van Scott"
"http://data.carnegiehall.org/names/110527","Kana Uemura"
"http://data.carnegiehall.org/names/84412","Can Markus Olgun"
"http://data.carnegiehall.org/names/129720","Peter de Mets"
"http://data.carnegiehall.org/names/98991","Zoltán Mága"
"http://data.carnegiehall.org/names/34830","Roger Boutry"
"http://data.carnegiehall.org/names/7821","David W. Guion"
"http://data.carnegiehall.org/names/42939","Benny Carter"
"http://data.carnegiehall.org/names/132494","Robert Parris"
"http://data.carnegiehall.org/names/127820","Max Winningham"
"http://data.carnegiehall.org/names/27660","Rahsaan Roland Kirk"
"http://data.carnegiehall.org/names/132029","Polyphia"
"http://data.carnegiehall.org/names/39436","Nathan Heleine"
"http://data.carnegiehall.org/names/43612","Stelios Kazantzidis"
"http://data.carnegiehall.org/names/100721","Billy Chrissochos"
"http://data.carnegiehall.org/names/63468","Robert Lamm"
"http://data.carnegiehall.org/names/106748","Mark Dancigers"
"http://data.carnegiehall.org/names/57669","Warner S. Bass"
"http://data.carnegiehall.org/names/130049","Anna Betancourt"
"http://data.carnegiehall.org/names/2113","Samuel Vigoda"
"http://data.carnegiehall.org/names/96888","Marc Bouchkov"
"http://data.carnegiehall.org/names/118614","Brian Head"
"http://data.carnegiehall.org/names/54163","William Kelly"
"http://data.carnegiehall.org/names/16832","José Serebrier"
"http://data.carnegiehall.org/names/91518","Bill Wolaver"
"http://data.carnegiehall.org/names/107416","Tom DeLuca"
"http://data.carnegiehall.org/names/40705","Richie Cole"
"http://data.carnegiehall.org/names/120941","Ben Murphy"
"http://data.carnegiehall.org/names/80780","Gordon L. Goodwin"
"http://data.carnegiehall.org/names/11119","Reinbert de Leeuw"
"http://data.carnegiehall.org/names/53058","Michael Oelbaum"
"http://data.carnegiehall.org/names/115204","Roberta Martin"
"http://data.carnegiehall.org/names/79867","Janusz Wojtarowicz"
"http://data.carnegiehall.org/names/96994","Joe Bataan"
"http://data.carnegiehall.org/names/126382","Koharik Gazarossian"
"http://data.carnegiehall.org/names/3615","Egon Mayer"
"http://data.carnegiehall.org/names/39648","Nicolai Mednikoff"
"http://data.carnegiehall.org/names/17865","Michael Lev"
"http://data.carnegiehall.org/names/28215","John Yannelli"
"http://data.carnegiehall.org/names/28681","Herbert B. Feldman"
"http://data.carnegiehall.org/names/96727","Orson Benjamin"
"http://data.carnegiehall.org/names/89705","Sebastian Böhlen"
"http://data.carnegiehall.org/names/66342","David Lang"
"http://data.carnegiehall.org/names/132761","Maurizio Mastrini"
"http://data.carnegiehall.org/names/130202","Jerod Impichchaachaaha' Tate"
"http://data.carnegiehall.org/names/27537","Franz Xaver Arens"
"http://data.carnegiehall.org/names/9137","Antonio J. García"
"http://data.carnegiehall.org/names/88903","Yury Nugmanov"
"http://data.carnegiehall.org/names/83617","Robbie Robertson"
"http://data.carnegiehall.org/names/96502","Herbert Inch"
"http://data.carnegiehall.org/names/56687","Paco de Lucía"
"http://data.carnegiehall.org/names/58684","David Broza"
"http://data.carnegiehall.org/names/49360","Athena Adamopoulos"
"http://data.carnegiehall.org/names/63472","Danny Seraphine"
"http://data.carnegiehall.org/names/72594","Hector Martinez"
"http://data.carnegiehall.org/names/121330","Martin García García"
"http://data.carnegiehall.org/names/24432","Cosme McMoon"
"http://data.carnegiehall.org/names/94368","Rafael Scarfullery"
"http://data.carnegiehall.org/names/9298","Mantovani"
"http://data.carnegiehall.org/names/22524","Grant Green"
"http://data.carnegiehall.org/names/72882","Ryan Smith"
"http://data.carnegiehall.org/names/52998","Perry Townsend"
"http://data.carnegiehall.org/names/32911","Harry Rowe Shelley"
"http://data.carnegiehall.org/names/76113","Niklas Sivelov"
"http://data.carnegiehall.org/names/57615","Stuart Raleigh"
"http://data.carnegiehall.org/names/1387","Josef Blatt"
"http://data.carnegiehall.org/names/39556","Ralph Hollander"
"http://data.carnegiehall.org/names/70649","Tamara Kurkadze"
"http://data.carnegiehall.org/names/9215","Rene Clausen"
"http://data.carnegiehall.org/names/126452","Luis Serrano Alarcón"
"http://data.carnegiehall.org/names/37045","Michi Wiancko"
"http://data.carnegiehall.org/names/103024","Matthew Aucoin"
"http://data.carnegiehall.org/names/12151","Robert Ray"
"http://data.carnegiehall.org/names/5485","Ray Brown"
"http://data.carnegiehall.org/names/47821","Nancy Rumbel"
"http://data.carnegiehall.org/names/112088","PS 51M Elias Howe Second Grade Choir"
"http://data.carnegiehall.org/names/127456","Matana Roberts"
"http://data.carnegiehall.org/names/37560","Hallett Gilberté"
"http://data.carnegiehall.org/names/11774","Donato D. Fornuto"
"http://data.carnegiehall.org/names/42926","Stephen Hough"
"http://data.carnegiehall.org/names/113746","Vassily Lobanov"
"http://data.carnegiehall.org/names/131652","Attilia Kiyoko Cernitori"
"http://data.carnegiehall.org/names/57108","Woody Herman"
"http://data.carnegiehall.org/names/45835","Svetoslav Stoyanov"
"http://data.carnegiehall.org/names/13727","Jimmy Driftwood"
"http://data.carnegiehall.org/names/16221","Anup Kumar Biswas"
"http://data.carnegiehall.org/names/87548","Richard Bjella"
"http://data.carnegiehall.org/names/118961","Salem Al Fakir"
"http://data.carnegiehall.org/names/12473","John Carter"
"http://data.carnegiehall.org/names/2018","Courtlandt Palmer"
"http://data.carnegiehall.org/names/26206","Robert Beaser"
"http://data.carnegiehall.org/names/51354","Trummy Young"
"http://data.carnegiehall.org/names/32106","George Plimpton"
"http://data.carnegiehall.org/names/66635","Claire Bryant"
"http://data.carnegiehall.org/names/25485","Paul Simon"
"http://data.carnegiehall.org/names/10789","Dave Frishberg"
"http://data.carnegiehall.org/names/5394","Giuseppe Dinelli"
"http://data.carnegiehall.org/names/127118","Jake Ellzey"
"http://data.carnegiehall.org/names/97036","Solomon Rosowsky"
"http://data.carnegiehall.org/names/76311","Kay Swift"
"http://data.carnegiehall.org/names/124763","David Rea"
"http://data.carnegiehall.org/names/17158","Otto Lohse"
"http://data.carnegiehall.org/names/13471","Gerry Mulligan"
"http://data.carnegiehall.org/names/19830","Django Reinhardt"
"http://data.carnegiehall.org/names/15860","John Hawkins"
"http://data.carnegiehall.org/names/31303","Roy McCurdy"
"http://data.carnegiehall.org/names/34796","Nicholas Cords"
"http://data.carnegiehall.org/names/56192","Billie Holiday"
"http://data.carnegiehall.org/names/48889","Stephen Stills"
"http://data.carnegiehall.org/names/88834","Sarah Darling"
"http://data.carnegiehall.org/names/75042","Sonny Burke"
"http://data.carnegiehall.org/names/110566","Randol Alan Bass"
"http://data.carnegiehall.org/names/61292","Jean-Claude Eugene"
"http://data.carnegiehall.org/names/9552","Sister Rosetta Tharpe"
"http://data.carnegiehall.org/names/48096","Tania León"
"http://data.carnegiehall.org/names/2961","Shelton Becton"
"http://data.carnegiehall.org/names/48825","Les Thimmig"
"http://data.carnegiehall.org/names/20533","John Mellencamp"
"http://data.carnegiehall.org/names/109924","Joong Han Jung"
"http://data.carnegiehall.org/names/119399","Bradley Owens"
"http://data.carnegiehall.org/names/6712","Camille Decreus"
"http://data.carnegiehall.org/names/81892","Timothy Michael Powell"
"http://data.carnegiehall.org/names/4864","Michael Hersch"
"http://data.carnegiehall.org/names/105425","Albert L. Davis"
"http://data.carnegiehall.org/names/51225","Carlos Montoya"
"http://data.carnegiehall.org/names/27593","Charles Magnante"
"http://data.carnegiehall.org/names/72791","Nathan Ciganeri"
"http://data.carnegiehall.org/names/5202","Myroslav Skoryk"
"http://data.carnegiehall.org/names/7255","Jörg Demus"
"http://data.carnegiehall.org/names/91348","Astor Piazzolla"
"http://data.carnegiehall.org/names/57984","George Winston"
"http://data.carnegiehall.org/names/89706","Andreas Klein"
"http://data.carnegiehall.org/names/39450","Evelyn Simpson-Curenton"
"http://data.carnegiehall.org/names/29614","Arrigo Barnabé"
"http://data.carnegiehall.org/names/27083","James D. Wagoner"
"http://data.carnegiehall.org/names/23359","Emily Crocker"
"http://data.carnegiehall.org/names/60828","Gary Washington"
"http://data.carnegiehall.org/names/40342","Alex Rybeck"
"http://data.carnegiehall.org/names/132538","Ringdown"
"http://data.carnegiehall.org/names/118673","Ryan O'Neal"
"http://data.carnegiehall.org/names/2153","Jimmy Cliff"
"http://data.carnegiehall.org/names/63109","Julie Danao"
"http://data.carnegiehall.org/names/120737","Jon Fishman"
"http://data.carnegiehall.org/names/9186","Barbara Carroll"
"http://data.carnegiehall.org/names/849","Alexander Gradsky"
"http://data.carnegiehall.org/names/23474","Lawrence Avery"
"http://data.carnegiehall.org/names/56564","David Loeb"
"http://data.carnegiehall.org/names/53286","Jack Bruce"
"http://data.carnegiehall.org/names/69709","Chris Thile"
"http://data.carnegiehall.org/names/37567","Arsenio Rodríguez"
"http://data.carnegiehall.org/names/87228","Peter Gall"
"http://data.carnegiehall.org/names/52122","John Denver"
"http://data.carnegiehall.org/names/37287","Luther Vandross"
"http://data.carnegiehall.org/names/87363","James C. Hagberg"
"http://data.carnegiehall.org/names/98666","David Sisco"
"http://data.carnegiehall.org/names/80767","Denise Young"
"http://data.carnegiehall.org/names/123207","W. C. Clark"
"http://data.carnegiehall.org/names/110951","Kurotaro Kurosaka"
"http://data.carnegiehall.org/names/35817","Joey Alfidi"
"http://data.carnegiehall.org/names/103329","Shawn Kirchner"
"http://data.carnegiehall.org/names/116721","Bora Yoon"
"http://data.carnegiehall.org/names/102908","Dong Liu"
"http://data.carnegiehall.org/names/56800","Clarence Eddy"
"http://data.carnegiehall.org/names/24822","Harry Edison"
"http://data.carnegiehall.org/names/109291","Toby Keith"
"http://data.carnegiehall.org/names/69038","Bill Douglas"
"http://data.carnegiehall.org/names/22824","Egberto Gismonti"
"http://data.carnegiehall.org/names/53931","Hall Johnson"
"http://data.carnegiehall.org/names/70707","Charles Richard"
"http://data.carnegiehall.org/names/4971","Brian Suits"
"http://data.carnegiehall.org/names/65170","Whitney Ashe"
"http://data.carnegiehall.org/names/35356","Madonna"
"http://data.carnegiehall.org/names/4712","Albert Ammons"
"http://data.carnegiehall.org/names/97862","Trisdee na Patalung"
"http://data.carnegiehall.org/names/21954","Alla Pavlova"
"http://data.carnegiehall.org/names/80021","Roger Davidson"
"http://data.carnegiehall.org/names/54497","M. Lichtenstein Koevessy"
"http://data.carnegiehall.org/names/75574","Sarah McLachlan"
"http://data.carnegiehall.org/names/17943","Ben Yomen"
"http://data.carnegiehall.org/names/36875","Carman Moore"
"http://data.carnegiehall.org/names/67332","Vladimir Shinov"
"http://data.carnegiehall.org/names/12512","Hryhory Kytasty"
"http://data.carnegiehall.org/names/42602","Gianfranco Masini"
"http://data.carnegiehall.org/names/2665","Slide Hampton"
"http://data.carnegiehall.org/names/118846","Brett Stewart"
"http://data.carnegiehall.org/names/128019","Nicole Chamberlain"
"http://data.carnegiehall.org/names/8193","Tui St. George Tucker"
"http://data.carnegiehall.org/names/12194","Michalis Economou"
"http://data.carnegiehall.org/names/80481","Kaija Saariaho"
"http://data.carnegiehall.org/names/51976","Joseph Raffayolo"
"http://data.carnegiehall.org/names/100579","Jeffrey Benson"
"http://data.carnegiehall.org/names/96251","Avi Avital"
"http://data.carnegiehall.org/names/11371","Charles Wuorinen"
"http://data.carnegiehall.org/names/45499","Shura Dvorine"
"http://data.carnegiehall.org/names/103430","Jesse Larsen"
"http://data.carnegiehall.org/names/13708","Fletcher Henderson"
"http://data.carnegiehall.org/names/4970","Max Rosen"
"http://data.carnegiehall.org/names/10191","George Frederick Bristow"
"http://data.carnegiehall.org/names/82871","Deni Bonet"
"http://data.carnegiehall.org/names/37081","Kosaku Yamada"
"http://data.carnegiehall.org/names/16382","Cyril Scott"
"http://data.carnegiehall.org/names/15507","E. Aldama Jackson"
"http://data.carnegiehall.org/names/61007","Claudia Stevens"
"http://data.carnegiehall.org/names/115115","Joe Hisaishi"
"http://data.carnegiehall.org/names/84438","Susan Brumfield"
"http://data.carnegiehall.org/names/32393","Alfonso D'Artega"
"http://data.carnegiehall.org/names/83886","Thomas Cabaniss"
"http://data.carnegiehall.org/names/28415","Joan Tower"
"http://data.carnegiehall.org/names/34531","Charles Lloyd"
"http://data.carnegiehall.org/names/53917","Clara Auwell"
"http://data.carnegiehall.org/names/84414","Janis Görlich"
"http://data.carnegiehall.org/names/45679","Harry James"
"http://data.carnegiehall.org/names/12037","Trey Anastasio"
"http://data.carnegiehall.org/names/34590","Kenny Clarke"
"http://data.carnegiehall.org/names/95222","Charlotte Greve"
"http://data.carnegiehall.org/names/124852","Shawn Chang"
"http://data.carnegiehall.org/names/124720","Rod Clements"
"http://data.carnegiehall.org/names/58229","David Epstein"
"http://data.carnegiehall.org/names/21421","Wheeler Beckett"
"http://data.carnegiehall.org/names/19487","Townsend H. Fellows"
"http://data.carnegiehall.org/names/35753","Tu Shan Xiang"
"http://data.carnegiehall.org/names/67766","Debi Eng"
"http://data.carnegiehall.org/names/2324","Daniel Grabois"
"http://data.carnegiehall.org/names/17430","Lee Michaels"
"http://data.carnegiehall.org/names/26622","Carl Reinecke"
"http://data.carnegiehall.org/names/83647","Carl Busch"
"http://data.carnegiehall.org/names/15809","Michel Camilo"
"http://data.carnegiehall.org/names/46515","Pietro Yon"
"http://data.carnegiehall.org/names/101926","Günter Seifert"
"http://data.carnegiehall.org/names/37853","Mstislav Rostropovich"
"http://data.carnegiehall.org/names/108989","Dan Campolieta"
"http://data.carnegiehall.org/names/77051","Kurt Rohde"
"http://data.carnegiehall.org/names/77945","Augusta Romano"
"http://data.carnegiehall.org/names/50685","Joshua Raoul Brody"
"http://data.carnegiehall.org/names/31282","Jerry Bock"
"http://data.carnegiehall.org/names/86116","John Phillips"
"http://data.carnegiehall.org/names/101905","Ed Sheeran"
"http://data.carnegiehall.org/names/104898","Jason Crabb"
"http://data.carnegiehall.org/names/44304","Gerald Busby"
"http://data.carnegiehall.org/names/49283","Arturo Sandoval"
"http://data.carnegiehall.org/names/35202","John Hicks"
"http://data.carnegiehall.org/names/72905","Otto Cesana"
"http://data.carnegiehall.org/names/128300","Heidi Breyer"
"http://data.carnegiehall.org/names/10019","Paul Lansky"
"http://data.carnegiehall.org/names/57717","Peter Griggs"
"http://data.carnegiehall.org/names/69244","Nathan Davis"
"http://data.carnegiehall.org/names/42283","Netty Simons"
"http://data.carnegiehall.org/names/56702","Warne Marsh"
"http://data.carnegiehall.org/names/63143","Mabel Wayne"
"http://data.carnegiehall.org/names/50087","John Barnes Wells"
"http://data.carnegiehall.org/names/4871","Ernest Hutcheson"
"http://data.carnegiehall.org/names/31995","Anna Marie Sykes"
"http://data.carnegiehall.org/names/32835","Julius Eastman"
"http://data.carnegiehall.org/names/4789","Alexander Markov"
"http://data.carnegiehall.org/names/113696","Paul John Stanbery"
"http://data.carnegiehall.org/names/38194","Paul Creston"
"http://data.carnegiehall.org/names/129146","Joanna Carlson"
"http://data.carnegiehall.org/names/41559","Harold Triggs"
"http://data.carnegiehall.org/names/56857","Don Gillis"
"http://data.carnegiehall.org/names/60422","Clive Bunker"
"http://data.carnegiehall.org/names/63044","Joseph E. Howard"
"http://data.carnegiehall.org/names/13873","Erik Friedlander"
"http://data.carnegiehall.org/names/52432","Lois V. Vierk"
"http://data.carnegiehall.org/names/92026","Jonathan Cziner"
"http://data.carnegiehall.org/names/26618","Gregory Magarshak"
"http://data.carnegiehall.org/names/31269","Ram Ramirez"
"http://data.carnegiehall.org/names/60317","William Foster McDaniel"
"http://data.carnegiehall.org/names/35876","Raymond Stewart"
"http://data.carnegiehall.org/names/37813","Giovanna Busatta"
"http://data.carnegiehall.org/names/19005","Russ Kassoff"
"http://data.carnegiehall.org/names/31821","Julius Hijman"
"http://data.carnegiehall.org/names/55218","Sylvano Bussotti"
"http://data.carnegiehall.org/names/86374","Bruce Harper"
"http://data.carnegiehall.org/names/45419","Alexandre Tannous"
"http://data.carnegiehall.org/names/118962","Veronica Maggio"
"http://data.carnegiehall.org/names/4203","Tom Chapin"
"http://data.carnegiehall.org/names/54865","Sylvain Werdenschlag"
"http://data.carnegiehall.org/names/83132","Michael Brown"
"http://data.carnegiehall.org/names/114511","Dongfeng Liu"
"http://data.carnegiehall.org/names/30000","B. B. King"
"http://data.carnegiehall.org/names/62177","David M. Matthew Kish"
"http://data.carnegiehall.org/names/128843","Choong Hwan Cho"
"http://data.carnegiehall.org/names/21084","David Krakauer"
"http://data.carnegiehall.org/names/803","Gordon Stout"
"http://data.carnegiehall.org/names/89772","Enrique Collazo"
"http://data.carnegiehall.org/names/124589","Justin Hayward"
"http://data.carnegiehall.org/names/97209","Gilbert Biberian"
"http://data.carnegiehall.org/names/14470","Germán Cáceres"
"http://data.carnegiehall.org/names/18232","Frank Lacy"
"http://data.carnegiehall.org/names/53351","Frank Scherer"
"http://data.carnegiehall.org/names/13772","Eleanor Alberga"
"http://data.carnegiehall.org/names/101487","Joe Green"
"http://data.carnegiehall.org/names/39807","Sarah Vaughan"
"http://data.carnegiehall.org/names/15784","John T. Erickson"
"http://data.carnegiehall.org/names/12244","Edythe Lamberti"
"http://data.carnegiehall.org/names/79793","Michael Zabrocki"
"http://data.carnegiehall.org/names/99097","Twila Paris"
"http://data.carnegiehall.org/names/35432","Kate Stella Burr"
"http://data.carnegiehall.org/names/116698","Kermit Ruffins"
"http://data.carnegiehall.org/names/93069","Joel Wenhardt"
"http://data.carnegiehall.org/names/47704","Bill Crofut"
"http://data.carnegiehall.org/names/53178","Johnny Mandel"
"http://data.carnegiehall.org/names/27112","Aurelio Fierro"
"http://data.carnegiehall.org/names/52143","Joe Albany"
"http://data.carnegiehall.org/names/38540","Stanley Lunetta"
"http://data.carnegiehall.org/names/116510","Jiro Yoshida"
"http://data.carnegiehall.org/names/132681","Austin French"
"http://data.carnegiehall.org/names/68311","David Homan"
"http://data.carnegiehall.org/names/77957","Thomas M. Lauderdale"
"http://data.carnegiehall.org/names/72099","Lisa Lynne Mathis"
"http://data.carnegiehall.org/names/41743","Bo Diddley"
"http://data.carnegiehall.org/names/68735","Jonas Gwangwa"
"http://data.carnegiehall.org/names/82357","Brittany Maier"
"http://data.carnegiehall.org/names/58740","Russell Woollen"
"http://data.carnegiehall.org/names/86028","Vera Eakin"
"http://data.carnegiehall.org/names/11291","Jon Gibson"
"http://data.carnegiehall.org/names/14082","Alexander Bloch"
"http://data.carnegiehall.org/names/80178","Carlos Revollar"
"http://data.carnegiehall.org/names/27655","Yuji Takahashi"
"http://data.carnegiehall.org/names/13468","Bob Brookmeyer"
"http://data.carnegiehall.org/names/13761","Robert Ward"
"http://data.carnegiehall.org/names/38424","Emma R. Steiner"
"http://data.carnegiehall.org/names/79406","Donald Fagen"
"http://data.carnegiehall.org/names/96685","Jherek Bischoff"
"http://data.carnegiehall.org/names/131664","Kenji Kanemasu"
"http://data.carnegiehall.org/names/130500","John Oates"
"http://data.carnegiehall.org/names/115274","Patrick Hawes"
"http://data.carnegiehall.org/names/81053","Stefan Schultze"
"http://data.carnegiehall.org/names/102325","Balázs Havasi"
"http://data.carnegiehall.org/names/122358","Leyla McCalla"
"http://data.carnegiehall.org/names/61695","Jeff Beck"
"http://data.carnegiehall.org/names/98394","Michael John Trotta"
"http://data.carnegiehall.org/names/98959","Blake Allen"
"http://data.carnegiehall.org/names/18865","Chemjo Vinaver"
"http://data.carnegiehall.org/names/31509","Dolly Parton"
"http://data.carnegiehall.org/names/36388","Theo Wendt"
"http://data.carnegiehall.org/names/34405","Arthur Whiting"
"http://data.carnegiehall.org/names/98681","Thomas Talbert"
"http://data.carnegiehall.org/names/91693","Shara Worden"
"http://data.carnegiehall.org/names/10615","Sabicas"
"http://data.carnegiehall.org/names/9792","Kenny Kersey"
"http://data.carnegiehall.org/names/70706","Genevieve Chinn"
"http://data.carnegiehall.org/names/26522","Earle Brown"
"http://data.carnegiehall.org/names/118389","Jihye Lee"
"http://data.carnegiehall.org/names/125388","Fjóla Evans"
"http://data.carnegiehall.org/names/100996","Emil Afrasiyab"
"http://data.carnegiehall.org/names/36020","Johannes Somary"
"http://data.carnegiehall.org/names/31078","The Rolling Stones"
"http://data.carnegiehall.org/names/55455","Lee Hoiby"
"http://data.carnegiehall.org/names/120147","David Jeong"
"http://data.carnegiehall.org/names/23776","Nicolas Slonimsky"
"http://data.carnegiehall.org/names/60023","Deems Taylor"
"http://data.carnegiehall.org/names/114540","Petar Krstajic"
"http://data.carnegiehall.org/names/118697","Jane Ramseyer Miller"
"http://data.carnegiehall.org/names/42243","Paul Jeffrey"
"http://data.carnegiehall.org/names/21190","Carlos Santos"
"http://data.carnegiehall.org/names/26917","Remo Taverna"
"http://data.carnegiehall.org/names/69735","Adam Sliwinski"
"http://data.carnegiehall.org/names/20499","Leonard Cohen"
"http://data.carnegiehall.org/names/111765","Asanté Amin"
"http://data.carnegiehall.org/names/83274","Chandler Lutz"
"http://data.carnegiehall.org/names/56603","Julie Chi-Hye Suk"
"http://data.carnegiehall.org/names/70715","Russel Wragg"
"http://data.carnegiehall.org/names/125175","Mark Brunswick"
"http://data.carnegiehall.org/names/52164","Olga Szwajgier"
"http://data.carnegiehall.org/names/11862","Ron Block"
"http://data.carnegiehall.org/names/51406","Gregory Singer"
"http://data.carnegiehall.org/names/26903","Isadore Freed"
"http://data.carnegiehall.org/names/121952","David Rothenberg"
"http://data.carnegiehall.org/names/56974","Cathy Berberian"
"http://data.carnegiehall.org/names/89818","Yiwen Shen"
"http://data.carnegiehall.org/names/31671","Ingram Marshall"
"http://data.carnegiehall.org/names/26634","Babbie Green"
"http://data.carnegiehall.org/names/27327","Carmen Tancredi"
"http://data.carnegiehall.org/names/124743","Pablo Tellez"
"http://data.carnegiehall.org/names/79976","Jean Prostean"
"http://data.carnegiehall.org/names/22220","Augusto Rodríguez"
"http://data.carnegiehall.org/names/118696","Our Lady J"
"http://data.carnegiehall.org/names/131995","Tanyaradzwa Tawengwa"
"http://data.carnegiehall.org/names/91920","Thomas Nickell"
"http://data.carnegiehall.org/names/127062","Allyson Reigh"
"http://data.carnegiehall.org/names/126409","Helen Feng"
"http://data.carnegiehall.org/names/67910","Dan Lipton"
"http://data.carnegiehall.org/names/91515","Benjamin Wolaver"
"http://data.carnegiehall.org/names/43335","Susie Ibarra"
"http://data.carnegiehall.org/names/117729","Santiago Leibson"
"http://data.carnegiehall.org/names/22251","Robin Eubanks"
"http://data.carnegiehall.org/names/88505","Aksel Kolstad"
"http://data.carnegiehall.org/names/82116","H. Ameroy Hartwell"
"http://data.carnegiehall.org/names/31806","Alberta Hunter"
"http://data.carnegiehall.org/names/87533","Kurt Carr"
"http://data.carnegiehall.org/names/82015","P. Brenoff"
"http://data.carnegiehall.org/names/106803","J. P. Jofre"
"http://data.carnegiehall.org/names/76095","Don Burrows"
"http://data.carnegiehall.org/names/30269","Peter John Stoltzman"
"http://data.carnegiehall.org/names/101484","Nathaniel Shilkret"
"http://data.carnegiehall.org/names/16112","André J. Thomas"
"http://data.carnegiehall.org/names/16444","Oscar Peterson"
"http://data.carnegiehall.org/names/122312","Alexey Arkhipovsky"
"http://data.carnegiehall.org/names/22428","Yasha Bunchuk"
"http://data.carnegiehall.org/names/37971","Zina Goldrich"
"http://data.carnegiehall.org/names/81298","Hong Gao"
"http://data.carnegiehall.org/names/16605","Jose Jorda"
"http://data.carnegiehall.org/names/24566","Chuck Israels"
"http://data.carnegiehall.org/names/108948","Daniel Kenji Akemoto"
"http://data.carnegiehall.org/names/100045","Robert Ingari"
"http://data.carnegiehall.org/names/110557","Christiaan Smith"
"http://data.carnegiehall.org/names/13407","David Alpher"
"http://data.carnegiehall.org/names/32273","G. Aldo Randegger"
"http://data.carnegiehall.org/names/26910","Doc Watson"
"http://data.carnegiehall.org/names/129743","Kebra-Seyoun Charles"
"http://data.carnegiehall.org/names/84545","Bryce Dessner"
"http://data.carnegiehall.org/names/36623","Michel Legrand"
"http://data.carnegiehall.org/names/68830","Ljova"
"http://data.carnegiehall.org/names/118671","André Brunet"
"http://data.carnegiehall.org/names/57701","Doug Wieselman"
"http://data.carnegiehall.org/names/91156","Norman Bolter"
"http://data.carnegiehall.org/names/55994","Leon Russell"
"http://data.carnegiehall.org/names/44950","Jim Hodgkinson"
"http://data.carnegiehall.org/names/129294","Coy Bowles"
"http://data.carnegiehall.org/names/126596","Cathy Harvey"
"http://data.carnegiehall.org/names/118623","William J. Coburn"
"http://data.carnegiehall.org/names/79825","Todd Groves"
"http://data.carnegiehall.org/names/27335","Ronnell Bright"
"http://data.carnegiehall.org/names/31968","John Sacco"
"http://data.carnegiehall.org/names/118647","Anice Terhune"
"http://data.carnegiehall.org/names/121770","Bruce Roberts"
"http://data.carnegiehall.org/names/36233","Vladimir Ussachevsky"
"http://data.carnegiehall.org/names/12592","Cannonball Adderley"
"http://data.carnegiehall.org/names/54879","Dirk Foch"
"http://data.carnegiehall.org/names/96804","Cindy Cruse Ratcliff"
"http://data.carnegiehall.org/names/105146","Stevi Marks"
"http://data.carnegiehall.org/names/7349","Francis Moore"
"http://data.carnegiehall.org/names/117922","William Cody Tippett"
"http://data.carnegiehall.org/names/22553","Andrea Franceschelli"
"http://data.carnegiehall.org/names/131137","Amado Espinoza"
"http://data.carnegiehall.org/names/72788","Paul Moravec"
"http://data.carnegiehall.org/names/88471","Cihat Askin"
"http://data.carnegiehall.org/names/127219","Mike Dubaniewicz"
"http://data.carnegiehall.org/names/43591","Terry Pazmino"
"http://data.carnegiehall.org/names/9932","Benton Hess"
"http://data.carnegiehall.org/names/44507","Billy Preston"
"http://data.carnegiehall.org/names/51823","Kris Kristofferson"
"http://data.carnegiehall.org/names/132417","Alanis Morissette"
"http://data.carnegiehall.org/names/42237","Alexander Rihm"
"http://data.carnegiehall.org/names/64376","Noam Sivan"
"http://data.carnegiehall.org/names/60476","Ronn McFarlane"
"http://data.carnegiehall.org/names/130227","John Hodian"
"http://data.carnegiehall.org/names/31082","Richard Korn"
"http://data.carnegiehall.org/names/111543","Ean Valte"
"http://data.carnegiehall.org/names/33851","Serge Hovey"
"http://data.carnegiehall.org/names/49934","Carl Perkins"
"http://data.carnegiehall.org/names/121025","Eliane Delage"
"http://data.carnegiehall.org/names/125739","Al Rickey"
"http://data.carnegiehall.org/names/14100","Al Jardine"
"http://data.carnegiehall.org/names/63555","Kenneth Wright"
"http://data.carnegiehall.org/names/28233","Ed Hartman"
"http://data.carnegiehall.org/names/14785","Katherine Ruth Heyman"
"http://data.carnegiehall.org/names/77301","John Etheridge"
"http://data.carnegiehall.org/names/124689","Larry E. Smith"
"http://data.carnegiehall.org/names/126053","Ross Avant"
"http://data.carnegiehall.org/names/130358","Jeremiah Evans"
"http://data.carnegiehall.org/names/94456","Christopher Theofanidis"
"http://data.carnegiehall.org/names/57234","Bernhard Stavenhagen"
"http://data.carnegiehall.org/names/97697","Hannah Eisendle"
"http://data.carnegiehall.org/names/109409","Dorothy Love Coates"
"http://data.carnegiehall.org/names/113413","Michael Zager"
"http://data.carnegiehall.org/names/56840","Jessie Montgomery"
"http://data.carnegiehall.org/names/64600","Morris Goldberg"
"http://data.carnegiehall.org/names/12072","Eduard Zeldenrust"
"http://data.carnegiehall.org/names/98910","Daiana Ferreira Da Costa"
"http://data.carnegiehall.org/names/56538","Wallace Roney"
"http://data.carnegiehall.org/names/26340","Henri Daniël van Goudoever"
"http://data.carnegiehall.org/names/10716","Antonín Dvorák"
"http://data.carnegiehall.org/names/12872","Tony Osborne"
"http://data.carnegiehall.org/names/15394","Donald Byrd"
"http://data.carnegiehall.org/names/24774","André Benoist"
"http://data.carnegiehall.org/names/57414","John Andrew Sonneborn"
"http://data.carnegiehall.org/names/5135","Michael J. Burritt"
"http://data.carnegiehall.org/names/38537","Ken McIntyre"
"http://data.carnegiehall.org/names/40942","Dick Kniss"
"http://data.carnegiehall.org/names/80137","Dan Tepfer"
"http://data.carnegiehall.org/names/14861","Bruce Hornsby"
"http://data.carnegiehall.org/names/91915","John Alan Carnahan"
"http://data.carnegiehall.org/names/125787","John Blasdale"
"http://data.carnegiehall.org/names/116131","Riley Mulherkar"
"http://data.carnegiehall.org/names/126736","Tsun-Yuen Lui"
"http://data.carnegiehall.org/names/3343","Michael Tippett"
"http://data.carnegiehall.org/names/4365","J. Rosamond Johnson"
"http://data.carnegiehall.org/names/21821","Byung-Ki Hwang"
"http://data.carnegiehall.org/names/84573","Matthias Pintscher"
"http://data.carnegiehall.org/names/54607","Sid Catlett"
"http://data.carnegiehall.org/names/81176","Rollo Dilworth"
"http://data.carnegiehall.org/names/50980","Earl Robinson"
"http://data.carnegiehall.org/names/103812","Sydney Guillaume"
"http://data.carnegiehall.org/names/127387","Allison Loggins-Hull"
"http://data.carnegiehall.org/names/82359","Elaine Kwon"
"http://data.carnegiehall.org/names/35875","Jeffery Rathbun"
"http://data.carnegiehall.org/names/58864","John Lewis"
"http://data.carnegiehall.org/names/2977","Jacob Weinberg"
"http://data.carnegiehall.org/names/25017","Leopold Godowsky"
"http://data.carnegiehall.org/names/22365","Philippa Duke Schuyler"
"http://data.carnegiehall.org/names/35826","Miner Walden Gallup"
"http://data.carnegiehall.org/names/79676","Shunondo Basu"
"http://data.carnegiehall.org/names/29521","Israel Joseph"
"http://data.carnegiehall.org/names/89123","Bernard Herrmann"
"http://data.carnegiehall.org/names/105317","Harold Arlen"
"http://data.carnegiehall.org/names/80783","Johan de Meij"
"http://data.carnegiehall.org/names/96599","Missy Mazzoli"
"http://data.carnegiehall.org/names/110894","Albert Newberry"
"http://data.carnegiehall.org/names/55305","Adam Makowicz"
"http://data.carnegiehall.org/names/17227","Johan Franco"
"http://data.carnegiehall.org/names/130501","Aubrey Logan"
"http://data.carnegiehall.org/names/2850","W.B. Olds"
"http://data.carnegiehall.org/names/91749","Johannes Moller"
"http://data.carnegiehall.org/names/51045","Helen Litz"
"http://data.carnegiehall.org/names/129810","Chris Mann"
"http://data.carnegiehall.org/names/8543","Teddy Charles"
"http://data.carnegiehall.org/names/14099","Gail Lou"
"http://data.carnegiehall.org/names/8216","Ravi Shankar"
"http://data.carnegiehall.org/names/47438","Max Fiedler"
"http://data.carnegiehall.org/names/20759","Alberto de Lima"
"http://data.carnegiehall.org/names/111584","Lourds Lane"
"http://data.carnegiehall.org/names/95111","Purple Songs Can Fly"
"http://data.carnegiehall.org/names/40810","Tamara Gverdtsiteli"
"http://data.carnegiehall.org/names/78259","Mike Longo"
"http://data.carnegiehall.org/names/42630","Chucho Valdés"
"http://data.carnegiehall.org/names/18425","José Iturbi"
"http://data.carnegiehall.org/names/34772","Joseph Achron"
"http://data.carnegiehall.org/names/86247","Kalmen Opperman"
"http://data.carnegiehall.org/names/38235","Donald York"
"http://data.carnegiehall.org/names/93722","Yosvany Terry"
"http://data.carnegiehall.org/names/31322","Count Basie"
"http://data.carnegiehall.org/names/20665","R. Huntington Woodman"
"http://data.carnegiehall.org/names/78094","Toru Dodo"
"http://data.carnegiehall.org/names/26414","Ben Williams"
"http://data.carnegiehall.org/names/118967","Frances"
"http://data.carnegiehall.org/names/22370","Samuel E. Chelimsky"
"http://data.carnegiehall.org/names/92190","Jayce Ogren"
"http://data.carnegiehall.org/names/24026","Robert Buchanan"
"http://data.carnegiehall.org/names/23634","Luigi Constantino"
"http://data.carnegiehall.org/names/104125","Brian Girley"
"http://data.carnegiehall.org/names/55073","Howard Boatwright"
"http://data.carnegiehall.org/names/66207","Karen Hakobyan"
"http://data.carnegiehall.org/names/35120","Rhonda Larson"
"http://data.carnegiehall.org/names/118305","Ludovico Einaudi"
"http://data.carnegiehall.org/names/63615","Luckey Roberts"
"http://data.carnegiehall.org/names/1176","George Barnes"
"http://data.carnegiehall.org/names/10997","Mauricio Kagel"
"http://data.carnegiehall.org/names/21882","Stuart Dunkel"
"http://data.carnegiehall.org/names/36248","Robert Mann"
"http://data.carnegiehall.org/names/131029","Abel Selaocoe"
"http://data.carnegiehall.org/names/64079","Donald McCullough"
"http://data.carnegiehall.org/names/74321","Falu Shah"
"http://data.carnegiehall.org/names/543","Paul Kochanski"
"http://data.carnegiehall.org/names/86905","Homayun Sakhi"
"http://data.carnegiehall.org/names/45511","Dudley Moore"
"http://data.carnegiehall.org/names/25081","Arthur Farwell"
"http://data.carnegiehall.org/names/27272","Vernon De Tar"
"http://data.carnegiehall.org/names/48439","Harold Zabrack"
"http://data.carnegiehall.org/names/22210","Phillip Keveren"
"http://data.carnegiehall.org/names/54528","Alexandra Montano"
"http://data.carnegiehall.org/names/56641","Hans Barth"
"http://data.carnegiehall.org/names/59272","Henri Conrad"
"http://data.carnegiehall.org/names/75127","Hakan Sensoy"
"http://data.carnegiehall.org/names/23890","Coenraad V. Bos"
"http://data.carnegiehall.org/names/61766","Anat Cohen"
"http://data.carnegiehall.org/names/60818","Harvey Worthington Loomis"
"http://data.carnegiehall.org/names/113530","Michael Cava"
"http://data.carnegiehall.org/names/31235","George Perle"
"http://data.carnegiehall.org/names/25481","Hugo Riesenfeld"
"http://data.carnegiehall.org/names/63163","Tim Janis"
"http://data.carnegiehall.org/names/12200","Robin Engelman"
"http://data.carnegiehall.org/names/25665","Mikio Tsuji"
"http://data.carnegiehall.org/names/103152","Nancy Faber"
"http://data.carnegiehall.org/names/33446","Barry Cooper"
"http://data.carnegiehall.org/names/116755","Michael Dunford"
"http://data.carnegiehall.org/names/35180","Celius Dougherty"
"http://data.carnegiehall.org/names/20174","Ellis Marsalis"
"http://data.carnegiehall.org/names/126163","Yamen Saadi"
"http://data.carnegiehall.org/names/41561","César Thomson"
"http://data.carnegiehall.org/names/16291","S. Walter Krebs"
"http://data.carnegiehall.org/names/37603","Kenny Wheeler"
"http://data.carnegiehall.org/names/83938","Glen Hansard"
"http://data.carnegiehall.org/names/1817","Jeanne Jomelli"
"http://data.carnegiehall.org/names/48550","Ott Sorosoto"
"http://data.carnegiehall.org/names/112497","Kayoung Rhee"
"http://data.carnegiehall.org/names/72127","Yuzo Kayama"
"http://data.carnegiehall.org/names/23189","Nicolas Flagello"
"http://data.carnegiehall.org/names/61203","Charles L. Van Baar"
"http://data.carnegiehall.org/names/41283","William J. Finn"
"http://data.carnegiehall.org/names/16843","Jay Kauffman"
"http://data.carnegiehall.org/names/38207","Dean X. Johnson"
"http://data.carnegiehall.org/names/9463","Martin Kennedy"
"http://data.carnegiehall.org/names/57676","Heinrich Zöllner"
"http://data.carnegiehall.org/names/1527","Carroll Hollister"
"http://data.carnegiehall.org/names/66130","Jim Fox"
"http://data.carnegiehall.org/names/21765","Kash Killion"
"http://data.carnegiehall.org/names/131443","Billy Bragg"
"http://data.carnegiehall.org/names/18161","Grace Castagnetta"
"http://data.carnegiehall.org/names/131750","James Johnson"
"http://data.carnegiehall.org/names/100707","Rahul Sharma"
"http://data.carnegiehall.org/names/104907","Adrian Cunningham"
"http://data.carnegiehall.org/names/10424","Milt Jackson"
"http://data.carnegiehall.org/names/76579","Ensemble Connect"
"http://data.carnegiehall.org/names/2334","Gaston Borch"
"http://data.carnegiehall.org/names/29695","Ronald Roseman"
"http://data.carnegiehall.org/names/10518","Robert Huntington Terry"
"http://data.carnegiehall.org/names/56194","Julian Gargiulo"
"http://data.carnegiehall.org/names/61126","Jay Leonhart"
"http://data.carnegiehall.org/names/60183","Maurice Erstling"
"http://data.carnegiehall.org/names/14667","B. J. Brown"
"http://data.carnegiehall.org/names/81055","Valerie Naranjo"
"http://data.carnegiehall.org/names/84607","George King"
"http://data.carnegiehall.org/names/35594","Johnny Mercer"
"http://data.carnegiehall.org/names/71502","Patricio Molina"
"http://data.carnegiehall.org/names/101912","Nerva Altino"
"http://data.carnegiehall.org/names/48436","David Sánchez"
"http://data.carnegiehall.org/names/126500","Molly Brown"
"http://data.carnegiehall.org/names/44234","Charlie Rouse"
"http://data.carnegiehall.org/names/27827","Justin Bischof"
"http://data.carnegiehall.org/names/40324","Tim Fain"
"http://data.carnegiehall.org/names/36267","Mara Waldman"
"http://data.carnegiehall.org/names/38773","Bruto V. Giannini"
"http://data.carnegiehall.org/names/24095","Carlo Alberto Neri"
"http://data.carnegiehall.org/names/6517","Darol Anger"
"http://data.carnegiehall.org/names/12576","Mal Waldron"
"http://data.carnegiehall.org/names/25623","Vincent d' Indy"
"http://data.carnegiehall.org/names/87585","Tony DeSare"
"http://data.carnegiehall.org/names/1442","Paul Desmond"
"http://data.carnegiehall.org/names/60303","Richard Adams"
"http://data.carnegiehall.org/names/45513","Erik W. G. Leidzén"
"http://data.carnegiehall.org/names/29257","Art Garfunkel"
"http://data.carnegiehall.org/names/52440","Elvin Jones"
"http://data.carnegiehall.org/names/2643","Tamaki Miura"
"http://data.carnegiehall.org/names/11611","Phil Ochs"
"http://data.carnegiehall.org/names/17167","Carl Deis"
"http://data.carnegiehall.org/names/46892","Gheorghe Zamfir"
"http://data.carnegiehall.org/names/41391","Carleton Clay"
"http://data.carnegiehall.org/names/37094","Robert Plant"
"http://data.carnegiehall.org/names/2794","Sidney Bechet"
"http://data.carnegiehall.org/names/33443","June Carter"
"http://data.carnegiehall.org/names/82572","Duncan Sheik"
"http://data.carnegiehall.org/names/48968","Brad Lubman"
"http://data.carnegiehall.org/names/5617","Bennie Green"
"http://data.carnegiehall.org/names/15432","Rudolph Gruen"
"http://data.carnegiehall.org/names/16156","Jack Casady"
"http://data.carnegiehall.org/names/126709","George Johnson"
"http://data.carnegiehall.org/names/130216","Jekabs Jancevskis"
"http://data.carnegiehall.org/names/82823","Raz Mesinai"
"http://data.carnegiehall.org/names/1759","Ralph Burns"
"http://data.carnegiehall.org/names/49247","Luigi Dell'Orefice"
"http://data.carnegiehall.org/names/121101","Jakub Polaczyk"
"http://data.carnegiehall.org/names/43554","Leif Segerstam"
"http://data.carnegiehall.org/names/127286","Michéal Castaldo"
"http://data.carnegiehall.org/names/33224","Leon Kirchner"
"http://data.carnegiehall.org/names/79023","Ken Thomson"
"http://data.carnegiehall.org/names/97034","John Blake Eastham"
"http://data.carnegiehall.org/names/87365","Mark Mutter"
"http://data.carnegiehall.org/names/80080","Dave Davies"
"http://data.carnegiehall.org/names/96115","Dane Rudhyar"
"http://data.carnegiehall.org/names/108760","Christopher Aspaas"
"http://data.carnegiehall.org/names/13243","Michael Kamen"
"http://data.carnegiehall.org/names/12345","Héctor Tosar"
"http://data.carnegiehall.org/names/10315","John La Montaine"
"http://data.carnegiehall.org/names/13320","Yoko Nishi"
"http://data.carnegiehall.org/names/33374","Hrach Yacoubian"
"http://data.carnegiehall.org/names/76414","Gregory Mertl"
"http://data.carnegiehall.org/names/24610","Ward Stephens"
"http://data.carnegiehall.org/names/28262","J. J. Johnson"
"http://data.carnegiehall.org/names/32542","Maria Schneider"
"http://data.carnegiehall.org/names/41397","Ramon Tragan"
"http://data.carnegiehall.org/names/12013","Joel Eric Suben"
"http://data.carnegiehall.org/names/111260","Noga Cabo"
"http://data.carnegiehall.org/names/57382","Meyer Kanewsky"
"http://data.carnegiehall.org/names/81827","Gabriel del Orbe"
"http://data.carnegiehall.org/names/83174","Maurice Brown"
"http://data.carnegiehall.org/names/121789","B. E. Boykin"
"http://data.carnegiehall.org/names/129988","Chico César"
"http://data.carnegiehall.org/names/45810","Joe Sullivan"
"http://data.carnegiehall.org/names/55187","Philip A. Olsen"
"http://data.carnegiehall.org/names/99158","Xavier Foley"
"http://data.carnegiehall.org/names/56163","Vernon Duke"
"http://data.carnegiehall.org/names/54457","Henry Hadley"
"http://data.carnegiehall.org/names/113287","Stephen E. Moshman"
"http://data.carnegiehall.org/names/15671","Enrique Fernández Arbós"
"http://data.carnegiehall.org/names/40527","Fred Coulter"
"http://data.carnegiehall.org/names/3849","Sonny Rollins"
"http://data.carnegiehall.org/names/27395","Milton Nascimento"
"http://data.carnegiehall.org/names/97879","Paul Caldwell"
"http://data.carnegiehall.org/names/92654","Cheikh Lô"
"http://data.carnegiehall.org/names/12299","Walter Damrosch"
"http://data.carnegiehall.org/names/19241","Joe Longo"
"http://data.carnegiehall.org/names/18428","Thomas Larcher"
"http://data.carnegiehall.org/names/11095","Jim Skinger"
"http://data.carnegiehall.org/names/26731","Clair Leonard"
"http://data.carnegiehall.org/names/70988","Joe Maneri"
"http://data.carnegiehall.org/names/47321","Sir Charles Thompson"
"http://data.carnegiehall.org/names/59716","Eugène Ysaÿe"
"http://data.carnegiehall.org/names/89785","Duke Bojadziev"
"http://data.carnegiehall.org/names/38946","Clyde Hart"
"http://data.carnegiehall.org/names/17474","Billy Eckstine"
"http://data.carnegiehall.org/names/30444","Herbert Mayer"
"http://data.carnegiehall.org/names/8618","Fredric Fradkin"
"http://data.carnegiehall.org/names/48255","Rafael Joseffy"
"http://data.carnegiehall.org/names/52098","Robert Cantrick"
"http://data.carnegiehall.org/names/63188","Richard Cumming"
"http://data.carnegiehall.org/names/83095","Florian Dohrmann"
"http://data.carnegiehall.org/names/46807","Lonnie Johnson"
"http://data.carnegiehall.org/names/13275","Viviana Guzmán"
"http://data.carnegiehall.org/names/109865","Júlio Braga"
"http://data.carnegiehall.org/names/58624","William Schuman"
"http://data.carnegiehall.org/names/330","David Benoit"
"http://data.carnegiehall.org/names/107185","James Vincent Fusco"
"http://data.carnegiehall.org/names/87299","Louis Andriessen"
"http://data.carnegiehall.org/names/4101","Mark Gould"
"http://data.carnegiehall.org/names/16006","Maurice Rauch"
"http://data.carnegiehall.org/names/105173","Kevin A. Memley"
"http://data.carnegiehall.org/names/127337","Natalia Lafourcade"
"http://data.carnegiehall.org/names/11952","Celeste de Longpré Heckscher"
"http://data.carnegiehall.org/names/20661","Wolodymyr Boshyk"
"http://data.carnegiehall.org/names/23110","Sam Rivers"
"http://data.carnegiehall.org/names/7986","George Wallington"
"http://data.carnegiehall.org/names/39596","Ewan MacColl"
"http://data.carnegiehall.org/names/54849","David Richards"
"http://data.carnegiehall.org/names/62242","Elena Antimova"
"http://data.carnegiehall.org/names/11762","Frankie Trumbauer"
"http://data.carnegiehall.org/names/81050","David Anlauff"
"http://data.carnegiehall.org/names/91054","Mike Harland"
"http://data.carnegiehall.org/names/54164","Francis de Bourguignon"
"http://data.carnegiehall.org/names/31530","Eileen M. Folson"
"http://data.carnegiehall.org/names/84163","Chango Spasiuk"
"http://data.carnegiehall.org/names/53722","Robert Phillips"
"http://data.carnegiehall.org/names/54470","Gregg Smith"
"http://data.carnegiehall.org/names/18095","Jess Meeker"
"http://data.carnegiehall.org/names/115904","Joe Chambers"
"http://data.carnegiehall.org/names/51980","Shiguang Cui"
"http://data.carnegiehall.org/names/8728","Jeanne Lee"
"http://data.carnegiehall.org/names/16187","Tom Glazer"
"http://data.carnegiehall.org/names/22230","Adi Bernard"
"http://data.carnegiehall.org/names/6644","Robin Holcomb"
"http://data.carnegiehall.org/names/56846","Paul Kueter"
"http://data.carnegiehall.org/names/83521","Dan Burley"
"http://data.carnegiehall.org/names/32231","Mario Braggiotti"
"http://data.carnegiehall.org/names/35886","Marc Anthony"
"http://data.carnegiehall.org/names/61171","Božidar Kunc"
"http://data.carnegiehall.org/names/22676","Joe Bushkin"
"http://data.carnegiehall.org/names/59954","Gustav Rodine"
"http://data.carnegiehall.org/names/43924","Stanislaw Skrowaczewski"
"http://data.carnegiehall.org/names/57893","Glenn Miller"
"http://data.carnegiehall.org/names/131653","Agata-Maria Raatz"
"http://data.carnegiehall.org/names/4411","Takeshi Ota"
"http://data.carnegiehall.org/names/47510","Francis Heilbut"
"http://data.carnegiehall.org/names/62805","Natalie Grant"
"http://data.carnegiehall.org/names/22326","Harvie Swartz"
"http://data.carnegiehall.org/names/67227","Homer Rodeheaver"
"http://data.carnegiehall.org/names/69733","So Percussion"
"http://data.carnegiehall.org/names/87616","Victor Pichardo"
"http://data.carnegiehall.org/names/55021","Walter Piston"
"http://data.carnegiehall.org/names/13887","Bruce Adolphe"
"http://data.carnegiehall.org/names/128018","Alex Gartner"
"http://data.carnegiehall.org/names/48309","Jason Eckardt"
"http://data.carnegiehall.org/names/46551","Frank L. Clark"
"http://data.carnegiehall.org/names/22201","Lou Harrison"
"http://data.carnegiehall.org/names/127525","Vicente Paschoal"
"http://data.carnegiehall.org/names/49653","Stevie Ray Vaughan"
"http://data.carnegiehall.org/names/31923","Wycliffe Gordon"
"http://data.carnegiehall.org/names/112748","Chin-Cheng Lin"
"http://data.carnegiehall.org/names/63138","Ralph Rainger"
"http://data.carnegiehall.org/names/7094","George Thalben-Ball"
"http://data.carnegiehall.org/names/103567","Rune Tonsgaard Sørensen"
"http://data.carnegiehall.org/names/16340","Buffy Sainte-Marie"
"http://data.carnegiehall.org/names/20916","Primo Oliva"
"http://data.carnegiehall.org/names/115343","Mateusz Smoczynski"
"http://data.carnegiehall.org/names/132850","Giovanni Koll"
"http://data.carnegiehall.org/names/13543","Michael Jeffrey Shapiro"
"http://data.carnegiehall.org/names/28007","Charles Haubiel"
"http://data.carnegiehall.org/names/52973","Marcel Grandjany"
"http://data.carnegiehall.org/names/53272","Francis Schwartz"
"http://data.carnegiehall.org/names/60582","Loonis McGlohon"
"http://data.carnegiehall.org/names/49580","William Kroll"
"http://data.carnegiehall.org/names/71038","Inga Swearingen"
"http://data.carnegiehall.org/names/47309","Samuel Eppinger"
"http://data.carnegiehall.org/names/58957","Vincent La Selva"
"http://data.carnegiehall.org/names/92223","Lucilla Galeazzi"
"http://data.carnegiehall.org/names/44083","Issay Mitnitzky"
"http://data.carnegiehall.org/names/80170","Evan Chambers"
"http://data.carnegiehall.org/names/27604","George Lynn"
"http://data.carnegiehall.org/names/4608","Valerie Saalbach"
"http://data.carnegiehall.org/names/7325","Harold Shapero"
"http://data.carnegiehall.org/names/84579","Uriel Vanchestein"
"http://data.carnegiehall.org/names/15016","Lucie Stern"
"http://data.carnegiehall.org/names/69494","Stefano Dall'Ora"
"http://data.carnegiehall.org/names/1081","Alfred G. Robyn"
"http://data.carnegiehall.org/names/106545","Pedro Laurenz"
"http://data.carnegiehall.org/names/23482","Mario Escudero"
"http://data.carnegiehall.org/names/85621","Darragh O'Neill"
"http://data.carnegiehall.org/names/130310","Derrick Fox"
"http://data.carnegiehall.org/names/36681","John Heiss"
"http://data.carnegiehall.org/names/30962","Jorge Martinez Zarate"
"http://data.carnegiehall.org/names/83724","Arthur Nevin"
"http://data.carnegiehall.org/names/69095","Karim Al-Zand"
"http://data.carnegiehall.org/names/62876","Lana Rein"
"http://data.carnegiehall.org/names/28032","Alfredo Casella"
"http://data.carnegiehall.org/names/60906","Muhal Richard Abrams"
"http://data.carnegiehall.org/names/6162","Cornelius Cardew"
"http://data.carnegiehall.org/names/903","Harl McDonald"
"http://data.carnegiehall.org/names/54386","John Tesh"
"http://data.carnegiehall.org/names/5719","Neal S. Harnly"
"http://data.carnegiehall.org/names/79260","Nevzat Akpinar"
"http://data.carnegiehall.org/names/87227","Nils Weinhold"
"http://data.carnegiehall.org/names/47408","Ella Fitzgerald"
"http://data.carnegiehall.org/names/65044","Alvin Kranich"
"http://data.carnegiehall.org/names/24465","Timothy Hoekman"
"http://data.carnegiehall.org/names/77896","Mark Wood"
"http://data.carnegiehall.org/names/96159","Randy Brooks"
"http://data.carnegiehall.org/names/99847","Don Owens"
"http://data.carnegiehall.org/names/94371","Neil Prufer"
"http://data.carnegiehall.org/names/87046","Ranaan Meyer"
"http://data.carnegiehall.org/names/81743","Daniel Baldwin"
"http://data.carnegiehall.org/names/34711","Georges Barrère"
"http://data.carnegiehall.org/names/93879","Suzan Veneman"
"http://data.carnegiehall.org/names/70204","Jack Gale"
"http://data.carnegiehall.org/names/43421","Eda Rapoport"
"http://data.carnegiehall.org/names/20093","Bill Frisell"
"http://data.carnegiehall.org/names/111262","Robert Pollock"
"http://data.carnegiehall.org/names/27911","Joseph P. Donnelly"
"http://data.carnegiehall.org/names/38796","Carl Flesch"
"http://data.carnegiehall.org/names/64264","Alan Storeygard"
"http://data.carnegiehall.org/names/119009","Tyson J. Davis"
"http://data.carnegiehall.org/names/39743","James Moody"
"http://data.carnegiehall.org/names/111796","Dennis Kam"
"http://data.carnegiehall.org/names/71702","Miguel Zenón"
"http://data.carnegiehall.org/names/104072","Naoto Aizawa"
"http://data.carnegiehall.org/names/49970","Hans Winderstein"
"http://data.carnegiehall.org/names/99246","Lori Lieberman"
"http://data.carnegiehall.org/names/38574","Narada Michael Walden"
"http://data.carnegiehall.org/names/105738","Felix Jaeger"
"http://data.carnegiehall.org/names/18392","Ruby Ernst"
"http://data.carnegiehall.org/names/80842","Okkyung Lee"
"http://data.carnegiehall.org/names/50777","Peter La Farge"
"http://data.carnegiehall.org/names/41311","Gean Harwood"
"http://data.carnegiehall.org/names/118960","Tim Rice-Oxley"
"http://data.carnegiehall.org/names/49766","Wallingford Riegger"
"http://data.carnegiehall.org/names/41957","Walter Golde"
"http://data.carnegiehall.org/names/23410","Jimmy Hamilton"
"http://data.carnegiehall.org/names/126606","Chet Catallo"
"http://data.carnegiehall.org/names/22217","J. D. Parran"
"http://data.carnegiehall.org/names/102363","Adolfo Oddone"
"http://data.carnegiehall.org/names/13009","Lukas Foss"
"http://data.carnegiehall.org/names/106500","Rhiannon Giddens"
"http://data.carnegiehall.org/names/71891","Gustav Strube"
"http://data.carnegiehall.org/names/40278","Jack Behrens"
"http://data.carnegiehall.org/names/68866","Leszek Mozdzer"
"http://data.carnegiehall.org/names/88861","Christopher Trapani"
"http://data.carnegiehall.org/names/129135","Ari Sussman"
"http://data.carnegiehall.org/names/8093","Dennis Mitcheltree"
"http://data.carnegiehall.org/names/121524","Heng Liu"
"http://data.carnegiehall.org/names/97359","Garrett Finn"
"http://data.carnegiehall.org/names/54463","Terry Riley"
"http://data.carnegiehall.org/names/71164","Thomas Aptommas"
"http://data.carnegiehall.org/names/106342","Ellina Graypel"
"http://data.carnegiehall.org/names/122160","Joel Ross"
"http://data.carnegiehall.org/names/32925","Charles Tolliver"
"http://data.carnegiehall.org/names/73882","Peter Ehwald"
"http://data.carnegiehall.org/names/72921","Richard Einhorn"
"http://data.carnegiehall.org/names/66429","David Liptak"
"http://data.carnegiehall.org/names/44256","Henry F. Gilbert"
"http://data.carnegiehall.org/names/66496","Matt Munisteri"
"http://data.carnegiehall.org/names/44578","Martin Brody"
"http://data.carnegiehall.org/names/16718","Alfredo Munar"
"http://data.carnegiehall.org/names/68673","Maria Maldjian-Navarro"
"http://data.carnegiehall.org/names/99144","Philip Miller"
"http://data.carnegiehall.org/names/77434","Ulrich Kempendorff"
"http://data.carnegiehall.org/names/109091","Dierk Peters"
"http://data.carnegiehall.org/names/14394","Eugen d' Albert"
"http://data.carnegiehall.org/names/9181","Vintz Huang"
"http://data.carnegiehall.org/names/118966","John McVie"
"http://data.carnegiehall.org/names/130085","Raphael Saadiq"
"http://data.carnegiehall.org/names/106073","Markéta Irglová"
"http://data.carnegiehall.org/names/53136","Carlo Pinto"
"http://data.carnegiehall.org/names/128078","Anne Müller"
"http://data.carnegiehall.org/names/3612","Ludwig Greenbaum"
"http://data.carnegiehall.org/names/82411","Tigran Martikyan"
"http://data.carnegiehall.org/names/126410","Christina Li"
"http://data.carnegiehall.org/names/608","Aleksandrs Okolo-Kulaks"
"http://data.carnegiehall.org/names/21406","Erno Dohnányi"
"http://data.carnegiehall.org/names/26725","Gerhard Samuel"
"http://data.carnegiehall.org/names/38905","Celedonio Romero"
"http://data.carnegiehall.org/names/101324","Håkon Daniel Nystedt"
"http://data.carnegiehall.org/names/79846","Eugen Haile"
"http://data.carnegiehall.org/names/10394","Arthur Friedheim"
"http://data.carnegiehall.org/names/100887","Tom T. Shelton"
"http://data.carnegiehall.org/names/44487","Stanley Bate"
"http://data.carnegiehall.org/names/57071","Giancarlo Cardini"
"http://data.carnegiehall.org/names/58323","Jovita Fuentes"
"http://data.carnegiehall.org/names/93612","Milica Paranosic"
"http://data.carnegiehall.org/names/5491","Dana Suesse"
"http://data.carnegiehall.org/names/67193","John T. Longhurst"
"http://data.carnegiehall.org/names/16698","Noel Paul Stookey"
"http://data.carnegiehall.org/names/124590","John Lodge"
"http://data.carnegiehall.org/names/36436","Tina Turner"
"http://data.carnegiehall.org/names/94977","Denver Bierman"
"http://data.carnegiehall.org/names/56622","Brian Torff"
"http://data.carnegiehall.org/names/101546","Larisa Migachyov"
"http://data.carnegiehall.org/names/119907","David Gates"
"http://data.carnegiehall.org/names/9774","Edgar H. Aufdemberge"
"http://data.carnegiehall.org/names/50042","Edgard Varèse"
"http://data.carnegiehall.org/names/11649","Lee Morgan"
"http://data.carnegiehall.org/names/129319","Ian Axel"
"http://data.carnegiehall.org/names/34142","Frank St. Leger"
"http://data.carnegiehall.org/names/48195","Leroy Anderson"
"http://data.carnegiehall.org/names/38419","Nicolas Lavdas"
"http://data.carnegiehall.org/names/33878","Walter Gross"
"http://data.carnegiehall.org/names/121362","Alex Fogarty"
"http://data.carnegiehall.org/names/96729","Rosedeli Marte"
"http://data.carnegiehall.org/names/56749","Vito Carnevali"
"http://data.carnegiehall.org/names/20404","Michael McFrederick"
"http://data.carnegiehall.org/names/23415","George Walker"
"http://data.carnegiehall.org/names/93265","Suzanne d'Astoria Jackowska"
"http://data.carnegiehall.org/names/10210","Arthur Siegel"
"http://data.carnegiehall.org/names/1358","Keiko Abe"
"http://data.carnegiehall.org/names/1478","Anthony Korf"
"http://data.carnegiehall.org/names/8810","Valentine Abt"
"http://data.carnegiehall.org/names/45006","Albert King"
"http://data.carnegiehall.org/names/88734","Bob Christianson"
"http://data.carnegiehall.org/names/16227","David Saperton"
"http://data.carnegiehall.org/names/26111","Anton Hoff"
"http://data.carnegiehall.org/names/73634","Imant Raminsh"
"http://data.carnegiehall.org/names/6183","Laura Medlin"
"http://data.carnegiehall.org/names/82078","Julian Z. Yu"
"http://data.carnegiehall.org/names/106125","Bert Williams"
"http://data.carnegiehall.org/names/129967","Christian Paterniti"
"http://data.carnegiehall.org/names/86225","Curt Cacioppo"
"http://data.carnegiehall.org/names/43854","Yoko Ono"
"http://data.carnegiehall.org/names/55864","John McDonald"
"http://data.carnegiehall.org/names/88449","Charles Fussell"
"http://data.carnegiehall.org/names/18812","Nicholas Douty"
"http://data.carnegiehall.org/names/42754","Charlie Ventura"
"http://data.carnegiehall.org/names/131711","George Garratt"
"http://data.carnegiehall.org/names/58185","Otto Janowitz"
"http://data.carnegiehall.org/names/17788","Henry Threadgill"
"http://data.carnegiehall.org/names/79128","Simon Hale"
"http://data.carnegiehall.org/names/73796","Bruce Saylor"
"http://data.carnegiehall.org/names/12898","Alton Fitzgerald White"
"http://data.carnegiehall.org/names/91324","Tia Fuller"
"http://data.carnegiehall.org/names/67222","Nora Bayes"
"http://data.carnegiehall.org/names/54973","Matthias Bamert"
"http://data.carnegiehall.org/names/105175","Raymond Weidner"
"http://data.carnegiehall.org/names/59692","Roy Eldridge"
"http://data.carnegiehall.org/names/132300","Hojun Joseph Lee"
"http://data.carnegiehall.org/names/84092","Byron Cage"
"http://data.carnegiehall.org/names/127404","John Daniels Carter"
"http://data.carnegiehall.org/names/107732","Magos Herrera"
"http://data.carnegiehall.org/names/69011","Ruth Bradley"
"http://data.carnegiehall.org/names/41946","Onnik Berberian"
"http://data.carnegiehall.org/names/96738","Amanda Fabian"
"http://data.carnegiehall.org/names/96931","Celil Refik Kaya"
"http://data.carnegiehall.org/names/54615","Stuart Fastofsky"
"http://data.carnegiehall.org/names/55257","Zez Confrey"
"http://data.carnegiehall.org/names/45490","Jackie McLean"
"http://data.carnegiehall.org/names/27261","James Cleveland"
"http://data.carnegiehall.org/names/124553","Mary Jeanne van Appledorn"
"http://data.carnegiehall.org/names/94714","Johnny Green"
"http://data.carnegiehall.org/names/879","Harold S. Cone"
"http://data.carnegiehall.org/names/15459","J. D. Souther"
"http://data.carnegiehall.org/names/21892","Billy Childs"
"http://data.carnegiehall.org/names/97712","Jaya Suprana"
"http://data.carnegiehall.org/names/16406","Clancy Newman"
"http://data.carnegiehall.org/names/32320","Joao Carlos Dalgalarrondo"
"http://data.carnegiehall.org/names/82569","Lin-Manuel Miranda"
"http://data.carnegiehall.org/names/43178","Louis Teicher"
"http://data.carnegiehall.org/names/112573","Amy Jisun Ahn"
"http://data.carnegiehall.org/names/20497","Bruno Labate"
"http://data.carnegiehall.org/names/26071","Yehudi Wyner"
"http://data.carnegiehall.org/names/114768","Asia Ahmetjanova"
"http://data.carnegiehall.org/names/36850","František Ondrícek"
"http://data.carnegiehall.org/names/101848","Francine Trester"
"http://data.carnegiehall.org/names/54292","Paul Hartmann"
"http://data.carnegiehall.org/names/45386","Dennis Koster"
"http://data.carnegiehall.org/names/13005","Scott Farthing"
"http://data.carnegiehall.org/names/78786","Karsu Dönmez"
"http://data.carnegiehall.org/names/7302","Roger Reynolds"
"http://data.carnegiehall.org/names/129366","Jun Chen"
"http://data.carnegiehall.org/names/92308","Gabriel Kahane"
"http://data.carnegiehall.org/names/19535","Antal Dorati"
"http://data.carnegiehall.org/names/17306","Paul W. Miller"
"http://data.carnegiehall.org/names/21371","Sam Franko"
"http://data.carnegiehall.org/names/78214","Anthony Braxton"
"http://data.carnegiehall.org/names/82882","Fred Ho"
"http://data.carnegiehall.org/names/48155","Marga Richter"
"http://data.carnegiehall.org/names/76687","Sigur Rós"
"http://data.carnegiehall.org/names/44877","Leo Nadelmann"
"http://data.carnegiehall.org/names/19811","Bill Evans"
"http://data.carnegiehall.org/names/81868","Al Green"
"http://data.carnegiehall.org/names/77438","Carolin Pook"
"http://data.carnegiehall.org/names/52364","Louie L. White"
"http://data.carnegiehall.org/names/70142","Santiago Gutierrez"
"http://data.carnegiehall.org/names/3375","Aram Khachaturian"
"http://data.carnegiehall.org/names/120942","Karl Ronneburg"
"http://data.carnegiehall.org/names/69057","Eugene J. Ward"
"http://data.carnegiehall.org/names/95426","Gayle Moran Corea"
"http://data.carnegiehall.org/names/84555","Eric Cha-Beach"
"http://data.carnegiehall.org/names/49973","Ernest Schelling"
"http://data.carnegiehall.org/names/85712","Mayumi Lehr"
"http://data.carnegiehall.org/names/91000","Rob Curto"
"http://data.carnegiehall.org/names/75655","Sebastian Baverstam"
"http://data.carnegiehall.org/names/56138","Pat Metheny"
"http://data.carnegiehall.org/names/11627","Gheorghe Costinescu"
"http://data.carnegiehall.org/names/63761","Daryl Runswick"
"http://data.carnegiehall.org/names/50099","Betty Carter"
"http://data.carnegiehall.org/names/67954","Eric Funk"
"http://data.carnegiehall.org/names/89879","Mohammed Fairouz"
"http://data.carnegiehall.org/names/76115","Herbert Smith"
"http://data.carnegiehall.org/names/19995","Peter Lieberson"
"http://data.carnegiehall.org/names/77050","Andrew McKenna Lee"
"http://data.carnegiehall.org/names/31887","Carmen Marina"
"http://data.carnegiehall.org/names/73884","Pascal Niggenkemper"
"http://data.carnegiehall.org/names/57567","Louie Bellson"
"http://data.carnegiehall.org/names/65506","Normando Santos"
"http://data.carnegiehall.org/names/63956","Madeleine Carabo-Cone"
"http://data.carnegiehall.org/names/126093","Kendall K. Williams"
"http://data.carnegiehall.org/names/45017","Roland Hanna"
"http://data.carnegiehall.org/names/9326","Frederick Jarvis"
"http://data.carnegiehall.org/names/22236","Bobby McFerrin"
"http://data.carnegiehall.org/names/33210","John Zielinski"
"http://data.carnegiehall.org/names/67243","J. Ben Michaelis"
"http://data.carnegiehall.org/names/56731","Kermit Moore"
"http://data.carnegiehall.org/names/10331","Nicolai Berezowsky"
"http://data.carnegiehall.org/names/41195","Paul Dresher"
"http://data.carnegiehall.org/names/34378","Lord Burgess"
"http://data.carnegiehall.org/names/79396","Nick Page"
"http://data.carnegiehall.org/names/112107","Christopher Bell"
"http://data.carnegiehall.org/names/66495","Rachelle Garniez"
"http://data.carnegiehall.org/names/121483","Patrick Simmons"
"http://data.carnegiehall.org/names/68892","Margaret Bonds"
"http://data.carnegiehall.org/names/39244","Simon Shaheen"
"http://data.carnegiehall.org/names/55814","Sherrie Maricle"
"http://data.carnegiehall.org/names/130413","Sage Bond"
"http://data.carnegiehall.org/names/47476","Edwin Grasse"
"http://data.carnegiehall.org/names/32406","Laura Nyro"
"http://data.carnegiehall.org/names/24584","Mike Abene"
"http://data.carnegiehall.org/names/84232","Evan Christopher"
"http://data.carnegiehall.org/names/86599","Chad Lefkowitz-Brown"
"http://data.carnegiehall.org/names/44426","John Harbison"
"http://data.carnegiehall.org/names/35746","Emil Velazco"
"http://data.carnegiehall.org/names/126046","Steve Hackman"
"http://data.carnegiehall.org/names/126383","Johannes Smit"
"http://data.carnegiehall.org/names/35535","Dušan Bogdanovic"
"http://data.carnegiehall.org/names/30017","Robert Stolz"
"http://data.carnegiehall.org/names/32109","Rick Stone"
"http://data.carnegiehall.org/names/33230","Abram Chasins"
"http://data.carnegiehall.org/names/34724","Martin Hennessy"
"http://data.carnegiehall.org/names/744","Don Ellis"
"http://data.carnegiehall.org/names/3860","Miguel Sandoval"
"http://data.carnegiehall.org/names/124363","Patrick Henderson"
"http://data.carnegiehall.org/names/51526","Claude Sifferlen"
"http://data.carnegiehall.org/names/9978","Severin Turel"
"http://data.carnegiehall.org/names/14527","Stanley Cowell"
"http://data.carnegiehall.org/names/67528","Steven Gearhart"
"http://data.carnegiehall.org/names/71911","Elizabeth Holmes"
"http://data.carnegiehall.org/names/29354","Frederic Lamond"
"http://data.carnegiehall.org/names/73694","Mason Bates"
"http://data.carnegiehall.org/names/108217","Jason Moran"
"http://data.carnegiehall.org/names/60157","Ernest MacMillan"
"http://data.carnegiehall.org/names/22184","Hoagy Carmichael"
"http://data.carnegiehall.org/names/130083","Jairus Mozee"
"http://data.carnegiehall.org/names/88926","Tempei Nakamura"
"http://data.carnegiehall.org/names/63363","Mike Fahie"
"http://data.carnegiehall.org/names/64982","Danny Barker"
"http://data.carnegiehall.org/names/3029","Pavlo Pecheniha-Uhlytsky"
"http://data.carnegiehall.org/names/17374","Paul Sargent"
"http://data.carnegiehall.org/names/89880","Michael Couper"
"http://data.carnegiehall.org/names/80689","Tracey R. Rush"
"http://data.carnegiehall.org/names/90086","Raphael Fusco"
"http://data.carnegiehall.org/names/61286","Jean Jean-Pierre"
"http://data.carnegiehall.org/names/73530","Alberto J. Rodriguez-Ortiz"
"http://data.carnegiehall.org/names/8886","Jimmy Garrison"
"http://data.carnegiehall.org/names/31775","Tammy Wynette"
"http://data.carnegiehall.org/names/101042","John LaBarbera"
"http://data.carnegiehall.org/names/23725","Francisco J. Nuñez"
"http://data.carnegiehall.org/names/13623","Holly Near"
"http://data.carnegiehall.org/names/43006","Anthony Newman"
"http://data.carnegiehall.org/names/60684","Louis Hirsch"
"http://data.carnegiehall.org/names/69607","Oscar Stagnaro"
"http://data.carnegiehall.org/names/105295","Larry Baker"
"http://data.carnegiehall.org/names/127901","Nathan Kolosko"
"http://data.carnegiehall.org/names/66182","Ke Xu"
"http://data.carnegiehall.org/names/19914","Abraham Kaplan"
"http://data.carnegiehall.org/names/6032","Arcadi Volodos"
"http://data.carnegiehall.org/names/120336","Bunta Satoh"
"http://data.carnegiehall.org/names/34754","Carlyle Davis"
"http://data.carnegiehall.org/names/61060","Lucia Dlugoszewski"
"http://data.carnegiehall.org/names/47539","Milton Phibbs"
"http://data.carnegiehall.org/names/119008","Benjamin S. Beckman"
"http://data.carnegiehall.org/names/26764","Fernando Tanara"
"http://data.carnegiehall.org/names/92531","Chihiro Yamanaka"
"http://data.carnegiehall.org/names/86093","Esperanza Spalding"
"http://data.carnegiehall.org/names/31605","Quincy Porter"
"http://data.carnegiehall.org/names/50815","Christopher Rouse"
"http://data.carnegiehall.org/names/40092","Franz Hummel"
"http://data.carnegiehall.org/names/121505","Charu Suri"
"http://data.carnegiehall.org/names/53952","Peter Marschik"
"http://data.carnegiehall.org/names/99226","Dante Del Fiorentino"
"http://data.carnegiehall.org/names/96740","Emanuel Zubli"
"http://data.carnegiehall.org/names/122274","Jacob Schnitzer"
"http://data.carnegiehall.org/names/29353","Harriet Ware"
"http://data.carnegiehall.org/names/58613","Leadbelly"
"http://data.carnegiehall.org/names/43414","Sergey Prokofiev"
"http://data.carnegiehall.org/names/53006","Robert De Cormier"
"http://data.carnegiehall.org/names/48182","Natalie Merchant"
"http://data.carnegiehall.org/names/52096","Fred Waring"
"http://data.carnegiehall.org/names/31700","Percy Grainger"
"http://data.carnegiehall.org/names/12813","Hugh Masekela"
"http://data.carnegiehall.org/names/19412","Henri Duval"
"http://data.carnegiehall.org/names/69234","David Abel"
"http://data.carnegiehall.org/names/93138","Luis Abraham Delgadillo"
"http://data.carnegiehall.org/names/130969","Alexandra Olsavsky"
"http://data.carnegiehall.org/names/5514","Henry Martin"
"http://data.carnegiehall.org/names/55264","Andrea Padova"
"http://data.carnegiehall.org/names/108328","Xi Wang"
"http://data.carnegiehall.org/names/97716","Jacob Sacks"
"http://data.carnegiehall.org/names/64858","Eduard Reményi"
"http://data.carnegiehall.org/names/63426","Magnus Lindberg"
"http://data.carnegiehall.org/names/37548","Hermann Zilcher"
"http://data.carnegiehall.org/names/87536","Michael McDonald"
"http://data.carnegiehall.org/names/7534","James Yannatos"
"http://data.carnegiehall.org/names/62792","Gloria Gaither"
"http://data.carnegiehall.org/names/1069","Rudolf Friml"
"http://data.carnegiehall.org/names/53653","Ron Carter"
"http://data.carnegiehall.org/names/122295","Emily Koh"
"http://data.carnegiehall.org/names/130048","Kevin Paige"
"http://data.carnegiehall.org/names/114426","Ron Burton"
"http://data.carnegiehall.org/names/94242","Kate Davis"
"http://data.carnegiehall.org/names/108130","Ralph Matesky"
"http://data.carnegiehall.org/names/102553","Luca Chiantore"
"http://data.carnegiehall.org/names/60728","Leroy Jenkins"
"http://data.carnegiehall.org/names/122098","Ian Weinberger"
"http://data.carnegiehall.org/names/107116","Patrick Dheur"
"http://data.carnegiehall.org/names/121445","Luke James"
"http://data.carnegiehall.org/names/85954","Gan Guo"
"http://data.carnegiehall.org/names/130081","DJ Khalil"
"http://data.carnegiehall.org/names/97534","Sandrine Erdely-Sayo"
"http://data.carnegiehall.org/names/58270","Bronislaw Huberman"
"http://data.carnegiehall.org/names/71640","Peter Perrin"
"http://data.carnegiehall.org/names/37218","Aurelio Giorni"
"http://data.carnegiehall.org/names/23880","Philip Catherine"
"http://data.carnegiehall.org/names/70338","Jim Pepper"
"http://data.carnegiehall.org/names/73078","Ann Hutchison"
"http://data.carnegiehall.org/names/40428","Alexander D. Richardson"
"http://data.carnegiehall.org/names/130256","Denny Laine"
"http://data.carnegiehall.org/names/35161","Michael Torke"
"http://data.carnegiehall.org/names/54081","Andraé Crouch"
"http://data.carnegiehall.org/names/26106","James P. Johnson"
"http://data.carnegiehall.org/names/81233","Lance Horne"
"http://data.carnegiehall.org/names/10596","J. Tim Brymn"
"http://data.carnegiehall.org/names/38995","Christopher Berg"
"http://data.carnegiehall.org/names/25682","Teresa Tullo"
"http://data.carnegiehall.org/names/23049","H. Waldo Warner"
"http://data.carnegiehall.org/names/64557","Mark Ettinger"
"http://data.carnegiehall.org/names/23691","[first name unknown] Lontos"
"http://data.carnegiehall.org/names/44338","William Paris Chambers"
"http://data.carnegiehall.org/names/128518","Scott McKenzie"
"http://data.carnegiehall.org/names/49909","Meade Lux Lewis"
"http://data.carnegiehall.org/names/27163","Misha Livshutz"
"http://data.carnegiehall.org/names/98470","Xiao Bing"
"http://data.carnegiehall.org/names/112730","Fabian Willmann"
"http://data.carnegiehall.org/names/130047","Stephan Moccio"
"http://data.carnegiehall.org/names/130777","Sujin Kim-Ramsey"
"http://data.carnegiehall.org/names/30350","Lejaren Hiller"
"http://data.carnegiehall.org/names/38989","Christian McLeer"
"http://data.carnegiehall.org/names/6168","Edward Harris"
"http://data.carnegiehall.org/names/26374","Margarita Agreneva Slaviansky"
"http://data.carnegiehall.org/names/41508","Richard Meyer"
"http://data.carnegiehall.org/names/48204","Ervin Nyiregyházi"
"http://data.carnegiehall.org/names/111758","Sauro Berti"
"http://data.carnegiehall.org/names/40545","Ted Heath"
"http://data.carnegiehall.org/names/47267","Constantine Callinicos"
"http://data.carnegiehall.org/names/131787","Thomas Weaver"
"http://data.carnegiehall.org/names/98371","Ross C. Bernhardt"
"http://data.carnegiehall.org/names/51901","Joseph E. Deveau"
"http://data.carnegiehall.org/names/23520","Chuck Mangione"
"http://data.carnegiehall.org/names/83039","Andy Cooney"
"http://data.carnegiehall.org/names/42923","Francesco Pinzacconi"
"http://data.carnegiehall.org/names/19920","Billy May"
"http://data.carnegiehall.org/names/18026","Heinz Hammerman"
"http://data.carnegiehall.org/names/89815","Donnacha Dennehy"
"http://data.carnegiehall.org/names/22930","Marcel Farago"
"http://data.carnegiehall.org/names/120378","Anders Åstrand"
"http://data.carnegiehall.org/names/85672","Adam Clayton"
"http://data.carnegiehall.org/names/44926","Edward Steuermann"
"http://data.carnegiehall.org/names/117921","Caterina Fiorentini"
"http://data.carnegiehall.org/names/59029","Ernie Wilkins"
"http://data.carnegiehall.org/names/101930","John Paul Jones"
"http://data.carnegiehall.org/names/85524","William Henry Squire"
"http://data.carnegiehall.org/names/100669","PUBLIQuartet"
"http://data.carnegiehall.org/names/16753","Albertus Shelley"
"http://data.carnegiehall.org/names/32252","Don Pullen"
"http://data.carnegiehall.org/names/91479","Avner Dorman"
"http://data.carnegiehall.org/names/119909","Jimmy Griffin"
"http://data.carnegiehall.org/names/42882","Diane Monroe"
"http://data.carnegiehall.org/names/60912","Zoltan Kurthy"
"http://data.carnegiehall.org/names/56624","Ernestina Lecuona"
"http://data.carnegiehall.org/names/14509","Alec Templeton"
"http://data.carnegiehall.org/names/47021","Larnelle Harris"
"http://data.carnegiehall.org/names/33006","Mary Cardwell Dawson"
"http://data.carnegiehall.org/names/51315","Matthias Kriesberg"
"http://data.carnegiehall.org/names/91368","Ryan Adams"
"http://data.carnegiehall.org/names/76112","Oystein Baadsvik"
"http://data.carnegiehall.org/names/8352","Danilo Pérez"
"http://data.carnegiehall.org/names/118866","Richard Forest"
"http://data.carnegiehall.org/names/2208","Paul Conly"
"http://data.carnegiehall.org/names/63134","Billy Hill"
"http://data.carnegiehall.org/names/50532","Debbie Friedman"
"http://data.carnegiehall.org/names/96730","William Longerbeam"
"http://data.carnegiehall.org/names/92167","Stuart Breczinski"
"http://data.carnegiehall.org/names/79712","Philippe Bigar"
"http://data.carnegiehall.org/names/111080","Jack Gottlieb"
"http://data.carnegiehall.org/names/15207","Morris J. Lawrence"
"http://data.carnegiehall.org/names/19960","Robert Starer"
"http://data.carnegiehall.org/names/127458","Soo Yeon Lyuh"
"http://data.carnegiehall.org/names/55942","Robert L. Sanders"
"http://data.carnegiehall.org/names/5458","William Schimmel"
"http://data.carnegiehall.org/names/65330","Max Wild"
"http://data.carnegiehall.org/names/48667","Yi-Wen Jiang"
"http://data.carnegiehall.org/names/41972","Florence Turner-Maley"
"http://data.carnegiehall.org/names/117169","Eoin O'Mara"
"http://data.carnegiehall.org/names/51948","Harold Rome"
"http://data.carnegiehall.org/names/32884","Benjamin Bagby"
"http://data.carnegiehall.org/names/71585","Edgar Winter"
"http://data.carnegiehall.org/names/34325","Frantz Casséus"
"http://data.carnegiehall.org/names/111645","Georgy Gusev"
"http://data.carnegiehall.org/names/128079","Louis Cole"
"http://data.carnegiehall.org/names/66861","Keith Emerson"
"http://data.carnegiehall.org/names/47904","Renato Carosone"
"http://data.carnegiehall.org/names/16121","Cy Coleman"
"http://data.carnegiehall.org/names/106146","Raffaele Casimiri"
"http://data.carnegiehall.org/names/58435","Slam Stewart"
"http://data.carnegiehall.org/names/60894","Kenneth Laufer"
"http://data.carnegiehall.org/names/78312","Willie Colón"
"http://data.carnegiehall.org/names/36643","Tim Whitmer"
"http://data.carnegiehall.org/names/121300","Paul Baloche"
"http://data.carnegiehall.org/names/38827","Jung-Kuang Lin"
"http://data.carnegiehall.org/names/43919","William Thomas McKinley"
"http://data.carnegiehall.org/names/21114","Manuel Enriquez"
"http://data.carnegiehall.org/names/12139","Samuel Dushkin"
"http://data.carnegiehall.org/names/86726","Jason Michael Webb"
"http://data.carnegiehall.org/names/4520","Charles Gilbert Spross"
"http://data.carnegiehall.org/names/39827","Claire Polin"
"http://data.carnegiehall.org/names/119867","Santiago Torano"
"http://data.carnegiehall.org/names/32756","Albert Spalding"
"http://data.carnegiehall.org/names/131494","Clark W. Joseph"
"http://data.carnegiehall.org/names/39294","Dimitri Tiomkin"
"http://data.carnegiehall.org/names/80347","Erik Santos"
"http://data.carnegiehall.org/names/22485","Al Di Meola"
"http://data.carnegiehall.org/names/60553","Luis Mariano"
"http://data.carnegiehall.org/names/10166","Don Stewart"
"http://data.carnegiehall.org/names/47040","S. Archer Gibson"
"http://data.carnegiehall.org/names/129983","Amandio Cabral"
"http://data.carnegiehall.org/names/78536","Solomon Pimsleur"
"http://data.carnegiehall.org/names/47677","Sean Hennessy"
"http://data.carnegiehall.org/names/121454","Kadim Al Sahir"
"http://data.carnegiehall.org/names/18059","Bill Lee"
"http://data.carnegiehall.org/names/2441","Charles B. Hawley"
"http://data.carnegiehall.org/names/41726","Hamiet Bluiett"
"http://data.carnegiehall.org/names/93884","Loreena McKennitt"
"http://data.carnegiehall.org/names/124704","Howard Shore"
"http://data.carnegiehall.org/names/23462","Morton Gould"
"http://data.carnegiehall.org/names/117556","Lan-In Winnie Yang"
"http://data.carnegiehall.org/names/72940","Joseph Byrd"
"http://data.carnegiehall.org/names/96978","Joseph Dangerfield"
"http://data.carnegiehall.org/names/27391","Robert Nagel"
"http://data.carnegiehall.org/names/74917","Clarence Cameron White"
"http://data.carnegiehall.org/names/55307","Arthur Hartmann"
"http://data.carnegiehall.org/names/14203","Lester Flatt"
"http://data.carnegiehall.org/names/7028","Paul Nero"
"http://data.carnegiehall.org/names/95502","Aaron Siegel"
"http://data.carnegiehall.org/names/126028","Shelley Washington"
"http://data.carnegiehall.org/names/7037","Coral Messina"
"http://data.carnegiehall.org/names/58404","John Blake"
"http://data.carnegiehall.org/names/87690","Hacene Larbi"
"http://data.carnegiehall.org/names/27284","Richard Singer"
"http://data.carnegiehall.org/names/428","Kenneth Morris"
"http://data.carnegiehall.org/names/11781","William Henry Humiston"
"http://data.carnegiehall.org/names/86121","Rod Levitt"
"http://data.carnegiehall.org/names/76995","Kevin Puts"
"http://data.carnegiehall.org/names/68196","Ulrich Alexander Kreppein"
"http://data.carnegiehall.org/names/82165","Gustave L. Becker"
"http://data.carnegiehall.org/names/55952","Haruko Nara"
"http://data.carnegiehall.org/names/67378","Famoro Dioubate"
"http://data.carnegiehall.org/names/44127","Bruce Johnston"
"http://data.carnegiehall.org/names/63878","Helena Winkelman"
"http://data.carnegiehall.org/names/54480","Ian Anderson"
"http://data.carnegiehall.org/names/57088","Meta Schumann"
"http://data.carnegiehall.org/names/71414","Richard Holley"
"http://data.carnegiehall.org/names/46889","Thaddeus Cylkowski"
"http://data.carnegiehall.org/names/725","Anton Hegner"
"http://data.carnegiehall.org/names/5754","Steve Swallow"
"http://data.carnegiehall.org/names/20907","Paul Quinlan"
"http://data.carnegiehall.org/names/68194","Katrin Scherer"
"http://data.carnegiehall.org/names/22269","Neal Kirkwood"
"http://data.carnegiehall.org/names/23957","Francis Korbay"
"http://data.carnegiehall.org/names/104235","William Mayer"
"http://data.carnegiehall.org/names/23182","Daniel Bernard Roumain"
"http://data.carnegiehall.org/names/128272","Guilherme Arantes"
"http://data.carnegiehall.org/names/130626","Hideaki Matsumoto"
"http://data.carnegiehall.org/names/43718","Robert DeGaetano"
"http://data.carnegiehall.org/names/3955","Vishnudass Shirali"
"http://data.carnegiehall.org/names/28504","Ricky Ford"
"http://data.carnegiehall.org/names/27881","Christopher James"
"http://data.carnegiehall.org/names/21521","Rick Springfield"
"http://data.carnegiehall.org/names/37358","Ariel Ramírez"
"http://data.carnegiehall.org/names/61774","Lera Auerbach"
"http://data.carnegiehall.org/names/23175","Yana Volodarsky"
"http://data.carnegiehall.org/names/24225","Henry Lincoln Case"
"http://data.carnegiehall.org/names/97266","Tomas Barreiro"
"http://data.carnegiehall.org/names/80611","Jeremy Siskind"
"http://data.carnegiehall.org/names/65747","Michael L. Hining"
"http://data.carnegiehall.org/names/23141","Elizabeth Swados"
"http://data.carnegiehall.org/names/56105","René Heredia"
"http://data.carnegiehall.org/names/29006","Leo Low"
"http://data.carnegiehall.org/names/77033","Drew Collins"
"http://data.carnegiehall.org/names/62782","Mark Lowry"
"http://data.carnegiehall.org/names/50707","William Parquette"
"http://data.carnegiehall.org/names/127191","Yeonghui Ji"
"http://data.carnegiehall.org/names/111337","Alicia Hall Moran"
"http://data.carnegiehall.org/names/92807","Esteban Castro"
"http://data.carnegiehall.org/names/67020","Taraf de Haidouks"
"http://data.carnegiehall.org/names/84415","Daniel Wehr"
"http://data.carnegiehall.org/names/97540","Dimitrije Vasiljevic"
"http://data.carnegiehall.org/names/30574","Alex Bradford"
"http://data.carnegiehall.org/names/61918","Cari Cole"
"http://data.carnegiehall.org/names/121456","Layale Chaker"
"http://data.carnegiehall.org/names/115765","Angelika Sandora"
"http://data.carnegiehall.org/names/80792","Will Healy"
"http://data.carnegiehall.org/names/72125","DJ Radar"
"http://data.carnegiehall.org/names/97571","Davóne Tines"
"http://data.carnegiehall.org/names/124918","Joe Esposito"
"http://data.carnegiehall.org/names/13896","Barry Oliver"
"http://data.carnegiehall.org/names/49317","Arthur Severn"
"http://data.carnegiehall.org/names/49410","Cab Calloway"
"http://data.carnegiehall.org/names/96731","Evan Lawrence"
"http://data.carnegiehall.org/names/132052","Tamara Bliss"
"http://data.carnegiehall.org/names/51338","Art Lauer"
"http://data.carnegiehall.org/names/14312","Arthur Clayton Brown"
"http://data.carnegiehall.org/names/29224","Gerald Chenoweth"
"http://data.carnegiehall.org/names/126710","Louis Johnson"
"http://data.carnegiehall.org/names/35685","George Henschel"
"http://data.carnegiehall.org/names/51761","Isidore Luckstone"
"http://data.carnegiehall.org/names/35831","Maya Beiser"
"http://data.carnegiehall.org/names/108498","Ruthie Foster"
"http://data.carnegiehall.org/names/78869","Roger McGuinn"
"http://data.carnegiehall.org/names/49639","Gerald Wilson"
"http://data.carnegiehall.org/names/52174","Debra Lynn"
"http://data.carnegiehall.org/names/107424","Peter Breiner"
"http://data.carnegiehall.org/names/86600","Eden Bareket"
"http://data.carnegiehall.org/names/14787","John Creighton Murray"
"http://data.carnegiehall.org/names/82441","Matt Herskowitz"
"http://data.carnegiehall.org/names/83884","Nathaniel Stookey"
"http://data.carnegiehall.org/names/27759","Loreta Kovacic"
"http://data.carnegiehall.org/names/73119","Kenneth Harris"
"http://data.carnegiehall.org/names/75333","Byron Cantrell"
"http://data.carnegiehall.org/names/20583","Woody Pak"
"http://data.carnegiehall.org/names/86341","Steve Potts"
"http://data.carnegiehall.org/names/78338","Ben Sidran"
"http://data.carnegiehall.org/names/93212","Chano Pozo"
"http://data.carnegiehall.org/names/5988","Jacob Gegna"
"http://data.carnegiehall.org/names/99793","Marianna Prjevalskaya"
"http://data.carnegiehall.org/names/121484","Onaje Jefferson"
"http://data.carnegiehall.org/names/1133","Eddie Durham"
"http://data.carnegiehall.org/names/11773","Manolo Sanlucar"
"http://data.carnegiehall.org/names/76812","Coleridge-Taylor Perkinson"
"http://data.carnegiehall.org/names/959","Harold Friedell"
"http://data.carnegiehall.org/names/4806","Duke Ellington"
"http://data.carnegiehall.org/names/37628","Bruce Gaston"
"http://data.carnegiehall.org/names/35550","Pinchos Jassinowsky"
"http://data.carnegiehall.org/names/131558","Samih Choukeir"
"http://data.carnegiehall.org/names/8233","Mitchell Korn"
"http://data.carnegiehall.org/names/16707","Roy Bailey"
"http://data.carnegiehall.org/names/70869","Simón Díaz"
"http://data.carnegiehall.org/names/49416","Georgia Shreve"
"http://data.carnegiehall.org/names/4495","Carlos Lyra"
"http://data.carnegiehall.org/names/39181","Ferde Grofé"
"http://data.carnegiehall.org/names/947","Volodymyr Vynnytsky"
"http://data.carnegiehall.org/names/79453","Samuel Ewell"
"http://data.carnegiehall.org/names/63745","Clayton Johns"
"http://data.carnegiehall.org/names/124687","Bob McBride"
"http://data.carnegiehall.org/names/88726","Craig Taborn"
"http://data.carnegiehall.org/names/97056","Zaki Allal"
"http://data.carnegiehall.org/names/17020","Charles L. Cooke"
"http://data.carnegiehall.org/names/54803","Toshi Ichiyanagi"
"http://data.carnegiehall.org/names/118869","Bernard Simard"
"http://data.carnegiehall.org/names/20803","Mark Azzolina"
"http://data.carnegiehall.org/names/17899","Bernard Gabriel"
"http://data.carnegiehall.org/names/68781","Ernie Lieberman"
"http://data.carnegiehall.org/names/130496","Caroline Ailin"
"http://data.carnegiehall.org/names/132056","Peter Pindar Stearns"
"http://data.carnegiehall.org/names/94017","Diogo Pereira"
"http://data.carnegiehall.org/names/47007","Doc Severinsen"
"http://data.carnegiehall.org/names/30199","Basile Kibalchich"
"http://data.carnegiehall.org/names/109647","Dan Dean"
"http://data.carnegiehall.org/names/15062","Gladys Knight"
"http://data.carnegiehall.org/names/28289","Albert Coates"
"http://data.carnegiehall.org/names/22178","Grace Marschal-Loepke"
"http://data.carnegiehall.org/names/5030","John Falcone"
"http://data.carnegiehall.org/names/31498","Jerome Hopkins"
"http://data.carnegiehall.org/names/65303","Douglas Bischoff"
"http://data.carnegiehall.org/names/39094","Debra Barsha"
"http://data.carnegiehall.org/names/118374","Jim Taylor"
"http://data.carnegiehall.org/names/128947","Lucas Mason"
"http://data.carnegiehall.org/names/60757","Naoki Nishimura"
"http://data.carnegiehall.org/names/446","Tom T. Hall"
"http://data.carnegiehall.org/names/96736","Eli Yamin"
"http://data.carnegiehall.org/names/89707","Keisuke Matsuno"
"http://data.carnegiehall.org/names/94950","Richard Waters"
"http://data.carnegiehall.org/names/131042","Gwilym Simcock"
"http://data.carnegiehall.org/names/8574","Mel Powell"
"http://data.carnegiehall.org/names/11292","Julius Hemphill"
"http://data.carnegiehall.org/names/120777","Joey Ryan"
"http://data.carnegiehall.org/names/57280","Hugo Weisgall"
"http://data.carnegiehall.org/names/13359","Ada Weigel Powers"
"http://data.carnegiehall.org/names/68806","John Williams"
"http://data.carnegiehall.org/names/37790","Benjamin Verdery"
"http://data.carnegiehall.org/names/20897","Barney Bigard"
"http://data.carnegiehall.org/names/13681","Daniel Abrams"
"http://data.carnegiehall.org/names/47775","David Sequeira"
"http://data.carnegiehall.org/names/23228","Luigi Dallapiccola"
"http://data.carnegiehall.org/names/70352","Robert Sheldon"
"http://data.carnegiehall.org/names/81230","Christiane Klonz"
"http://data.carnegiehall.org/names/62797","David Phelps"
"http://data.carnegiehall.org/names/126920","Erika Svanoe"
"http://data.carnegiehall.org/names/6338","Charles Kingsford"
"http://data.carnegiehall.org/names/89712","Carlo Kretzschmar"
"http://data.carnegiehall.org/names/81303","Shubhendra Rao"
"http://data.carnegiehall.org/names/64046","Hongnian Yang"
"http://data.carnegiehall.org/names/25403","Chuck Berry"
"http://data.carnegiehall.org/names/38228","T. Frederick H. Candlyn"
"http://data.carnegiehall.org/names/81307","Glen Roven"
"http://data.carnegiehall.org/names/5702","Hampton Noland"
"http://data.carnegiehall.org/names/127752","Evan Mack"
"http://data.carnegiehall.org/names/66459","Craig Bohmler"
"http://data.carnegiehall.org/names/85107","Joseph M. Martin"
"http://data.carnegiehall.org/names/2147","Domenico Savino"
"http://data.carnegiehall.org/names/45673","Elinor Remick Warren"
"http://data.carnegiehall.org/names/107736","Sarah Jarosz"
"http://data.carnegiehall.org/names/39380","Harvey Brown"
"http://data.carnegiehall.org/names/1638","Gregor Piatigorsky"
"http://data.carnegiehall.org/names/63759","Paul Hart"
"http://data.carnegiehall.org/names/22008","Mac Davis"
"http://data.carnegiehall.org/names/31283","Victor Babin"
"http://data.carnegiehall.org/names/19138","Paul Shaffer"
"http://data.carnegiehall.org/names/120974","Joel Raney"
"http://data.carnegiehall.org/names/91658","Nobuko Miyazaki"
"http://data.carnegiehall.org/names/56627","Ossip Gabrilowitsch"
"http://data.carnegiehall.org/names/49523","Howard Cass"
"http://data.carnegiehall.org/names/55018","Orlando Jacinto Garcia"
"http://data.carnegiehall.org/names/108614","Emily Pinkerton"
"http://data.carnegiehall.org/names/3140","Chizuko Ikeda"
"http://data.carnegiehall.org/names/32618","Gillian Welch"
"http://data.carnegiehall.org/names/65806","Eun-Kyu Ryu"
"http://data.carnegiehall.org/names/10490","John Evan"
"http://data.carnegiehall.org/names/14860","Memphis Slim"
"http://data.carnegiehall.org/names/52125","David Bowie"
"http://data.carnegiehall.org/names/58814","Fred R. Meres"
"http://data.carnegiehall.org/names/62457","Adam Fisher"
"http://data.carnegiehall.org/names/90338","Eugene Ettore"
"http://data.carnegiehall.org/names/87542","David Cieri"
"http://data.carnegiehall.org/names/86602","Philip Dizack"
"http://data.carnegiehall.org/names/33461","René Staar"
"http://data.carnegiehall.org/names/75579","Denis Matsuev"
"http://data.carnegiehall.org/names/68814","Blanche K. Thomas"
"http://data.carnegiehall.org/names/87231","Silvio Morger"
"http://data.carnegiehall.org/names/7963","Bruno S. Huhn"
"http://data.carnegiehall.org/names/109967","Hilary Baird"
"http://data.carnegiehall.org/names/2156","Peter Ritzen"
"http://data.carnegiehall.org/names/84396","Meyer Posner"
"http://data.carnegiehall.org/names/6895","Sidney Foster"
"http://data.carnegiehall.org/names/68948","Brian Wilson"
"http://data.carnegiehall.org/names/5024","Fernando Vilches"
"http://data.carnegiehall.org/names/22489","Tiberio Nascimento"
"http://data.carnegiehall.org/names/696","Peter Maxwell Davies"
"http://data.carnegiehall.org/names/35926","Philip Corner"
"http://data.carnegiehall.org/names/24640","Daniel Pinkham"
"http://data.carnegiehall.org/names/17268","Richard Wernick"
"http://data.carnegiehall.org/names/49906","Big Bill Broonzy"
"http://data.carnegiehall.org/names/80169","Michael Tenzer"
"http://data.carnegiehall.org/names/44176","Heather Headley"
"http://data.carnegiehall.org/names/61991","Larry Clapp"
"http://data.carnegiehall.org/names/116749","Luca Seccafieno"
"http://data.carnegiehall.org/names/99745","Isidore Philipp"
"http://data.carnegiehall.org/names/14664","F. Gerard Errante"
"http://data.carnegiehall.org/names/132568","Santos Menendez"
"http://data.carnegiehall.org/names/84094","Richard Smallwood"
"http://data.carnegiehall.org/names/43106","David Noon"
"http://data.carnegiehall.org/names/53460","Herman Berlinski"
"http://data.carnegiehall.org/names/27266","Tom Price"
"http://data.carnegiehall.org/names/21948","Jalalu-Kalvert Nelson"
"http://data.carnegiehall.org/names/95291","Tyshawn Sorey"
"http://data.carnegiehall.org/names/73058","Jackie Lomax"
"http://data.carnegiehall.org/names/87906","Robert Lombardo"
"http://data.carnegiehall.org/names/16644","Christopher Keyes"
"http://data.carnegiehall.org/names/83977","Kris Becker"
"http://data.carnegiehall.org/names/61787","Kayhan Kalhor"
"http://data.carnegiehall.org/names/84380","Kirby Shaw"
"http://data.carnegiehall.org/names/124634","Dickey Betts"
"http://data.carnegiehall.org/names/54302","Charles Walker"
"http://data.carnegiehall.org/names/6625","Bob Dorough"
"http://data.carnegiehall.org/names/21608","Adele Aus der Ohe"
"http://data.carnegiehall.org/names/37252","June Summers"
"http://data.carnegiehall.org/names/22979","Bud Freeman"
"http://data.carnegiehall.org/names/72560","Vince Gill"
"http://data.carnegiehall.org/names/42407","Lennie Tristano"
"http://data.carnegiehall.org/names/27741","Ram Narayan"
"http://data.carnegiehall.org/names/40236","Christopher Vassiliades"
"http://data.carnegiehall.org/names/14889","Billy Taylor"
"http://data.carnegiehall.org/names/44434","John Lithgow"
"http://data.carnegiehall.org/names/70248","Preston Love"
"http://data.carnegiehall.org/names/45011","Matthias Ziegler"
"http://data.carnegiehall.org/names/97824","Cristian Grases"
"http://data.carnegiehall.org/names/23947","Oliver Jackson"
"http://data.carnegiehall.org/names/8307","Vladimir Tsypin"
"http://data.carnegiehall.org/names/113485","JT Nero"
"http://data.carnegiehall.org/names/104343","Julia Wolfe"
"http://data.carnegiehall.org/names/37495","John Ylvisaker"
"http://data.carnegiehall.org/names/12199","Tony Kadleck"
"http://data.carnegiehall.org/names/14173","Mikhail Zeiger"
"http://data.carnegiehall.org/names/27210","Alice Coltrane"
"http://data.carnegiehall.org/names/625","Gonzalo Roig"
"http://data.carnegiehall.org/names/48175","Eric Wong"
"http://data.carnegiehall.org/names/10636","George Michael"
"http://data.carnegiehall.org/names/16893","Edward V. Bonnemere"
"http://data.carnegiehall.org/names/38555","John Bergamo"
"http://data.carnegiehall.org/names/14347","Dan Terry"
"http://data.carnegiehall.org/names/85237","Artie Butler"
"http://data.carnegiehall.org/names/38637","Werner Janssen"
"http://data.carnegiehall.org/names/81200","Margaret Cornils Luke"
"http://data.carnegiehall.org/names/127121","Cassidy O'Connell"
"http://data.carnegiehall.org/names/77563","Joan Berkheimer"
"http://data.carnegiehall.org/names/67370","Will Holshouser"
"http://data.carnegiehall.org/names/18678","Garrick Ohlsson"
"http://data.carnegiehall.org/names/38890","Oscar Straus"
"http://data.carnegiehall.org/names/58818","Alfred Pochon"
"http://data.carnegiehall.org/names/32579","Wilmoth Houdini"
"http://data.carnegiehall.org/names/121288","Carissa Alvarado"
"http://data.carnegiehall.org/names/121972","Reba Rambo"
"http://data.carnegiehall.org/names/104132","Janning Trumann"
"http://data.carnegiehall.org/names/29576","Nobuyuki Tsujii"
"http://data.carnegiehall.org/names/23809","Nicholas Underhill"
"http://data.carnegiehall.org/names/61005","Ron Levy"
"http://data.carnegiehall.org/names/112831","Atash"
"http://data.carnegiehall.org/names/15514","Gabriel Parès"
"http://data.carnegiehall.org/names/34416","George Brecht"
"http://data.carnegiehall.org/names/26377","Robert Spillman"
"http://data.carnegiehall.org/names/49923","David Nehls"
"http://data.carnegiehall.org/names/39706","Jin Hi Kim"
"http://data.carnegiehall.org/names/7218","William Kraft"
"http://data.carnegiehall.org/names/107381","Bobby Previte"
"http://data.carnegiehall.org/names/100459","Eva Klesse"
"http://data.carnegiehall.org/names/19730","Mordechai Hershman"
"http://data.carnegiehall.org/names/99171","Michael Bodnyk"
"http://data.carnegiehall.org/names/98916","Vladan Mijatovic"
"http://data.carnegiehall.org/names/48827","Robert Kitain"
"http://data.carnegiehall.org/names/7009","Charles Martin Loeffler"
"http://data.carnegiehall.org/names/117923","Corrado Neri"
"http://data.carnegiehall.org/names/105594","Eladio A. Chao"
"http://data.carnegiehall.org/names/59979","Heinrich Gebhard"
"http://data.carnegiehall.org/names/19498","Hector Galaz"
"http://data.carnegiehall.org/names/47022","Cindy Morgan"
"http://data.carnegiehall.org/names/126753","Misael Barraza-Díaz"
"http://data.carnegiehall.org/names/45781","Justin Elie"
"http://data.carnegiehall.org/names/47159","John Lurie"
"http://data.carnegiehall.org/names/48914","Ed Johnson"
"http://data.carnegiehall.org/names/40984","Alan Shulman"
"http://data.carnegiehall.org/names/42663","Ernest S. Williams"
"http://data.carnegiehall.org/names/89551","Richard Thompson"
"http://data.carnegiehall.org/names/64155","Rogelio Martinez"
"http://data.carnegiehall.org/names/112113","Katie Traxler"
"http://data.carnegiehall.org/names/77048","Harold Meltzer"
"http://data.carnegiehall.org/names/37390","Meyer Kupferman"
"http://data.carnegiehall.org/names/91837","Jacqueline Hairston"
"http://data.carnegiehall.org/names/107997","Daniel Eliot Levy"
"http://data.carnegiehall.org/names/80667","Bartholomeo Berzonsky"
"http://data.carnegiehall.org/names/54634","Bud Powell"
"http://data.carnegiehall.org/names/35145","Edward German"
"http://data.carnegiehall.org/names/110113","Kae Kurachi"
"http://data.carnegiehall.org/names/86900","Stefan Brisland-Ferner"
"http://data.carnegiehall.org/names/50508","Lowell Liebermann"
"http://data.carnegiehall.org/names/52004","Joe Garland"
"http://data.carnegiehall.org/names/96908","Robert Xavier Rodríguez"
"http://data.carnegiehall.org/names/99366","Salvatore Traversi"
"http://data.carnegiehall.org/names/44154","Franco Novara"
"http://data.carnegiehall.org/names/42384","Jorge Lopez"
"http://data.carnegiehall.org/names/129258","Bobby Caldwell"
"http://data.carnegiehall.org/names/45694","Dan Fogelberg"
"http://data.carnegiehall.org/names/130043","Sarah Kroger"
"http://data.carnegiehall.org/names/75529","Robert Sirota"
"http://data.carnegiehall.org/names/9724","Akbar Ali"
"http://data.carnegiehall.org/names/86714","Lady Gaga"
"http://data.carnegiehall.org/names/16872","Geoffrey Keezer"
"http://data.carnegiehall.org/names/39472","Henri Ern"
"http://data.carnegiehall.org/names/22349","Patrick Dell"
"http://data.carnegiehall.org/names/75331","Vladimir Drozdoff"
"http://data.carnegiehall.org/names/11469","James Sudduth"
"http://data.carnegiehall.org/names/81051","Magnus Mehl"
"http://data.carnegiehall.org/names/71222","Barry Fasman"
"http://data.carnegiehall.org/names/82709","H. Lawrence Freeman"
"http://data.carnegiehall.org/names/63322","Jeanine Tesori"
"http://data.carnegiehall.org/names/36127","Vladas Jakubenas"
"http://data.carnegiehall.org/names/62466","Tracie Smart"
"http://data.carnegiehall.org/names/11743","Bonaventura Somma"
"http://data.carnegiehall.org/names/68207","Arkadie Kouguell"
"http://data.carnegiehall.org/names/59418","Louis Jordan"
"http://data.carnegiehall.org/names/38363","Yvette Guilbert"
"http://data.carnegiehall.org/names/62804","Buddy Greene"
"http://data.carnegiehall.org/names/13014","George Russell"
"http://data.carnegiehall.org/names/30835","Robert Shaughnessy"
"http://data.carnegiehall.org/names/86741","Matti Hyökki"
"http://data.carnegiehall.org/names/59617","Jerry Jeff Walker"
"http://data.carnegiehall.org/names/88821","Marta Gomez"
"http://data.carnegiehall.org/names/43932","David Roitman"
"http://data.carnegiehall.org/names/36635","Valentine Righthand"
"http://data.carnegiehall.org/names/59151","Marty Ehrlich"
"http://data.carnegiehall.org/names/57606","Gordon Lightfoot"
"http://data.carnegiehall.org/names/99194","Willis Delony"
"http://data.carnegiehall.org/names/12421","Michel Hoffman"
"http://data.carnegiehall.org/names/5716","Ittai Shapira"
"http://data.carnegiehall.org/names/3517","Yolanda Mérö"
"http://data.carnegiehall.org/names/110115","Hikaru Hada"
"http://data.carnegiehall.org/names/132541","Rob Lewis"
"http://data.carnegiehall.org/names/30220","Edwin Franko Goldman"
"http://data.carnegiehall.org/names/48362","Mack Stark"
"http://data.carnegiehall.org/names/10983","Gonzalo Rubalcaba"
"http://data.carnegiehall.org/names/121210","Daniel Trush"
"http://data.carnegiehall.org/names/92342","Dan Deacon"
"http://data.carnegiehall.org/names/109760","Stephen Schwartz"
"http://data.carnegiehall.org/names/125537","Leo Bartinique"
"http://data.carnegiehall.org/names/39281","Friedrich Gulda"
"http://data.carnegiehall.org/names/15142","Samuel R. Lewis"
"http://data.carnegiehall.org/names/76153","Andy Icochea Icochea"
"http://data.carnegiehall.org/names/105857","Howard M. Saylor"
"http://data.carnegiehall.org/names/62940","Anthony P. De Ritis"
"http://data.carnegiehall.org/names/132276","Qianci Liu"
"http://data.carnegiehall.org/names/68703","Norman Cazden"
"http://data.carnegiehall.org/names/105952","Chojuro Imafuji"
"http://data.carnegiehall.org/names/26736","Jeanne Behrend"
"http://data.carnegiehall.org/names/120932","Tamar Sagiv"
"http://data.carnegiehall.org/names/97122","Josh Henderson"
"http://data.carnegiehall.org/names/64637","Luiz Simas"
"http://data.carnegiehall.org/names/62781","Bill Gaither"
"http://data.carnegiehall.org/names/51350","Roberto Laneri"
"http://data.carnegiehall.org/names/90150","Eric Guinivan"
"http://data.carnegiehall.org/names/27857","Rafael Mendez"
"http://data.carnegiehall.org/names/100108","CeeLo Green"
"http://data.carnegiehall.org/names/12629","Homer N. Bartlett"
"http://data.carnegiehall.org/names/29284","Max Helfman"
"http://data.carnegiehall.org/names/60485","Aaron Copland"
"http://data.carnegiehall.org/names/63045","Harry Armstrong"
"http://data.carnegiehall.org/names/39677","Sergio Salvatore"
"http://data.carnegiehall.org/names/40424","Joseph Fennimore"
"http://data.carnegiehall.org/names/61162","Issay Dobrowen"
"http://data.carnegiehall.org/names/65713","Debbie Harry"
"http://data.carnegiehall.org/names/78350","Earl McIntyre"
"http://data.carnegiehall.org/names/68635","Ron Miller"
"http://data.carnegiehall.org/names/111761","Chen Lo"
"http://data.carnegiehall.org/names/57710","Émile Sauret"
"http://data.carnegiehall.org/names/110169","Lonnie Smith"
"http://data.carnegiehall.org/names/39194","Jane Ira Bloom"
"http://data.carnegiehall.org/names/52646","Ruth Watson Henderson"
"http://data.carnegiehall.org/names/103592","Anthony Nunziata"
"http://data.carnegiehall.org/names/129297","John Driskell Hopkins"
"http://data.carnegiehall.org/names/39013","Salvatore De Stefano"
"http://data.carnegiehall.org/names/34497","Dorothy Wilde"
"http://data.carnegiehall.org/names/54960","Rod McKuen"
"http://data.carnegiehall.org/names/125148","James Clouser"
"http://data.carnegiehall.org/names/49032","Pavel Fischer"
"http://data.carnegiehall.org/names/10654","Robert Dick"
"http://data.carnegiehall.org/names/30998","Antonio Farini"
"http://data.carnegiehall.org/names/86601","Johannes Dickbauer"
"http://data.carnegiehall.org/names/82409","Hayk Arsenyan"
"http://data.carnegiehall.org/names/52246","Fred Hellerman"
"http://data.carnegiehall.org/names/52294","David Rebhun"
"http://data.carnegiehall.org/names/42538","Don Butterfield"
"http://data.carnegiehall.org/names/47982","Nelson Riddle"
"http://data.carnegiehall.org/names/101057","Walter Giannini"
"http://data.carnegiehall.org/names/10103","Carl Wilson"
"http://data.carnegiehall.org/names/42583","Phil Markowitz"
"http://data.carnegiehall.org/names/128314","Malcolm Peyton"
"http://data.carnegiehall.org/names/83528","Peter Eötvös"
"http://data.carnegiehall.org/names/85067","David N. Childs"
"http://data.carnegiehall.org/names/78764","Christoph Michael Pesch"
"http://data.carnegiehall.org/names/111049","Ian Tyson"
"http://data.carnegiehall.org/names/92754","Ji Qiu"
"http://data.carnegiehall.org/names/132842","Gediminas Gelgotas"
"http://data.carnegiehall.org/names/69356","Nick Mason"
"http://data.carnegiehall.org/names/45052","Herb Ellis"
"http://data.carnegiehall.org/names/83073","Deborah Kim"
"http://data.carnegiehall.org/names/117533","Lukas Akintaya"
"http://data.carnegiehall.org/names/31801","Carlos Valderamma"
"http://data.carnegiehall.org/names/9736","Irving Fields"
"http://data.carnegiehall.org/names/21481","Dean Drummond"
"http://data.carnegiehall.org/names/27558","Johnny Cash"
"http://data.carnegiehall.org/names/96401","Olivier Greif"
"http://data.carnegiehall.org/names/63321","Carol Hall"
"http://data.carnegiehall.org/names/106758","Olivier Demers"
"http://data.carnegiehall.org/names/3000","John Rutter"
"http://data.carnegiehall.org/names/59961","William A. Parson"
"http://data.carnegiehall.org/names/59691","Fats Waller"
"http://data.carnegiehall.org/names/1541","Tom Zivkovich"
"http://data.carnegiehall.org/names/56601","Juri Taht"
"http://data.carnegiehall.org/names/80508","Nehemiah Luckett"
"http://data.carnegiehall.org/names/1171","Jacques Wolfe"
"http://data.carnegiehall.org/names/15678","Michael Gees"
"http://data.carnegiehall.org/names/58423","Keizo Ideta"
"http://data.carnegiehall.org/names/10784","Vicente Gomez"
"http://data.carnegiehall.org/names/35359","Carlos Sanchez-Gutierrez"
"http://data.carnegiehall.org/names/10135","Ethel Leginska"
"http://data.carnegiehall.org/names/23499","William Rogers Chapman"
"http://data.carnegiehall.org/names/7862","David Balakrishnan"
"http://data.carnegiehall.org/names/66126","Fred Webb"
"http://data.carnegiehall.org/names/85317","Pedro Ruy-Blas"
"http://data.carnegiehall.org/names/114533","Rale Micic"
"http://data.carnegiehall.org/names/24278","Kenji Bunch"
"http://data.carnegiehall.org/names/4989","Richard Burmeister"
"http://data.carnegiehall.org/names/33735","Alexander Tcherepnin"
"http://data.carnegiehall.org/names/732","Ricky Ian Gordon"
"http://data.carnegiehall.org/names/31864","Joan La Barbara"
"http://data.carnegiehall.org/names/59526","Amanda McBroom"
"http://data.carnegiehall.org/names/124364","Tom Wilson Weinberg"
"http://data.carnegiehall.org/names/59356","Artur Schnabel"
"http://data.carnegiehall.org/names/123692","Colin C. Sterne"
"http://data.carnegiehall.org/names/29808","Shorty Rogers"
"http://data.carnegiehall.org/names/120809","Cengiz Onural"
"http://data.carnegiehall.org/names/130848","James Crowley"
"http://data.carnegiehall.org/names/69353","David Gilmour"
"http://data.carnegiehall.org/names/106272","Richard Peaslee"
"http://data.carnegiehall.org/names/81765","Nyasha Rhoden"
"http://data.carnegiehall.org/names/116757","Jon Camp"
"http://data.carnegiehall.org/names/12242","Earl Scruggs"
"http://data.carnegiehall.org/names/29400","Lazare Saminsky"
"http://data.carnegiehall.org/names/32807","Dinos Constantinides"
"http://data.carnegiehall.org/names/47232","Sam Jaffe"
"http://data.carnegiehall.org/names/8643","Dana Perna"
"http://data.carnegiehall.org/names/79797","Andrew T. Miller"
"http://data.carnegiehall.org/names/39712","Louis A. Von Gaertner"
"http://data.carnegiehall.org/names/104470","Tom Evans"
"http://data.carnegiehall.org/names/75454","Gregory Oh"
"http://data.carnegiehall.org/names/90845","Christopher Tignor"
"http://data.carnegiehall.org/names/83199","Tania Stavreva"
"http://data.carnegiehall.org/names/89776","Agustin Someillan"
"http://data.carnegiehall.org/names/9974","Jimmy Rowles"
"http://data.carnegiehall.org/names/132208","Yedidiah Admon"
"http://data.carnegiehall.org/names/116200","Courtney Carey"
"http://data.carnegiehall.org/names/20128","Jean Burnside"
"http://data.carnegiehall.org/names/91449","Jason Pomerantz"
"http://data.carnegiehall.org/names/3498","Scott Lindroth"
"http://data.carnegiehall.org/names/12865","Robert Carl"
"http://data.carnegiehall.org/names/53225","Paul Williams"
"http://data.carnegiehall.org/names/42689","Dewey Redman"
"http://data.carnegiehall.org/names/54272","André Mathieu"
"http://data.carnegiehall.org/names/72840","Mark A. Miller"
"http://data.carnegiehall.org/names/58735","Donovan"
"http://data.carnegiehall.org/names/112062","Alex LoRe"
"http://data.carnegiehall.org/names/26834","Alfred Troemel"
"http://data.carnegiehall.org/names/77476","Stephen Flaherty"
"http://data.carnegiehall.org/names/62738","Joseph Thalken"
"http://data.carnegiehall.org/names/70379","Paul Vellucci"
"http://data.carnegiehall.org/names/75643","Adam Gyorgy"
"http://data.carnegiehall.org/names/18721","Chris Thomas King"
"http://data.carnegiehall.org/names/96789","Caroline Shaw"
"http://data.carnegiehall.org/names/13223","Carlos Roqué Alsina"
"http://data.carnegiehall.org/names/14782","Adolf Busch"
"http://data.carnegiehall.org/names/129295","Chris Fryar"
"http://data.carnegiehall.org/names/18592","Van Morrison"
"http://data.carnegiehall.org/names/28721","Charles D. Kelman"
"http://data.carnegiehall.org/names/68118","George Vlachos-Wei"
"http://data.carnegiehall.org/names/44142","Alessandro Liberati"
"http://data.carnegiehall.org/names/94327","Russell Steinberg"
"http://data.carnegiehall.org/names/66373","Saskia Lane"
"http://data.carnegiehall.org/names/20171","Harold Craxton"
"http://data.carnegiehall.org/names/50702","George L. Humphrey"
"http://data.carnegiehall.org/names/59807","Evangeline Booth"
"http://data.carnegiehall.org/names/37629","Grace Hollingsworth"
"http://data.carnegiehall.org/names/15088","James McKissic"
"http://data.carnegiehall.org/names/21637","Miltiades Matthias"
"http://data.carnegiehall.org/names/43925","Edwin London"
"http://data.carnegiehall.org/names/127326","Josquin Schwizgebel"
"http://data.carnegiehall.org/names/64","Ray Crabtree"
"http://data.carnegiehall.org/names/47105","Robert Derke"
"http://data.carnegiehall.org/names/98438","Kazumi Sato"
"http://data.carnegiehall.org/names/41353","Sergius Kagen"
"http://data.carnegiehall.org/names/130856","Jan Smigmator"
"http://data.carnegiehall.org/names/85646","Maurice Baron"
"http://data.carnegiehall.org/names/51425","Terre Johnson"
"http://data.carnegiehall.org/names/129351","Andrew James Safioleas"
"http://data.carnegiehall.org/names/132711","Steve Katz"
"http://data.carnegiehall.org/names/94292","Pepper Choplin"
"http://data.carnegiehall.org/names/4559","Jimmy Heath"
"http://data.carnegiehall.org/names/25937","Dennis McCarthy"
"http://data.carnegiehall.org/names/79280","Tae Hun Kim"
"http://data.carnegiehall.org/names/21486","Andrew Davis"
"http://data.carnegiehall.org/names/30132","Alice M. Shaw"
"http://data.carnegiehall.org/names/21175","Charlie Parker"
"http://data.carnegiehall.org/names/43974","Giuseppe Creatore"
"http://data.carnegiehall.org/names/39699","Sheryl Crow"
"http://data.carnegiehall.org/names/115070","Alfred Berg"
"http://data.carnegiehall.org/names/8091","Bruno Markaitis"
"http://data.carnegiehall.org/names/35957","Pete Townshend"
"http://data.carnegiehall.org/names/4997","Steve Papavasilopoulos"
"http://data.carnegiehall.org/names/128696","Gregor Huebner"
"http://data.carnegiehall.org/names/62072","Dave Douglas"
"http://data.carnegiehall.org/names/37715","Hamilton Harty"
"http://data.carnegiehall.org/names/72095","Scott Freiman"
"http://data.carnegiehall.org/names/75996","George Swift"
"http://data.carnegiehall.org/names/42172","Vittorio Rieti"
"http://data.carnegiehall.org/names/25858","José Vianna da Motta"
"http://data.carnegiehall.org/names/5071","John Stevens"
"http://data.carnegiehall.org/names/120874","Jeffrey S. Bolding"
"http://data.carnegiehall.org/names/119776","Héctor Lavoe"
"http://data.carnegiehall.org/names/66343","Alvin Lucier"
"http://data.carnegiehall.org/names/86147","Pradeep Ratnayake"
"http://data.carnegiehall.org/names/88684","André Dequech"
"http://data.carnegiehall.org/names/102845","Clay Ross"
"http://data.carnegiehall.org/names/130772","Felix Ambach"
"http://data.carnegiehall.org/names/73825","Rahman Asadollahi"
"http://data.carnegiehall.org/names/16122","Willie Dixon"
"http://data.carnegiehall.org/names/34634","Ford Lallerstedt"
"http://data.carnegiehall.org/names/19524","Alexander Brott"
"http://data.carnegiehall.org/names/63957","Edward T. Cone"
"http://data.carnegiehall.org/names/65682","Juan Formell"
"http://data.carnegiehall.org/names/21591","Johnny Hodges"
"http://data.carnegiehall.org/names/7369","Francis Thorne"
"http://data.carnegiehall.org/names/20438","Turk Murphy"
"http://data.carnegiehall.org/names/88016","Henry O. Osgood"
"http://data.carnegiehall.org/names/113351","Jon Bassett"
"http://data.carnegiehall.org/names/56797","Noam Sheriff"
"http://data.carnegiehall.org/names/95596","William Russo"
"http://data.carnegiehall.org/names/95273","Judith Sainte Croix"
"http://data.carnegiehall.org/names/39443","Jörg Widmann"
"http://data.carnegiehall.org/names/128357","Luis Hernandez"
"http://data.carnegiehall.org/names/809","Moshe Koussevitzky"
"http://data.carnegiehall.org/names/43510","Anna Carbone"
"http://data.carnegiehall.org/names/89703","Tobias Christl"
"http://data.carnegiehall.org/names/101903","Ledisi"
"http://data.carnegiehall.org/names/112060","Kristen Engebretson"
"http://data.carnegiehall.org/names/53968","Richie Havens"
"http://data.carnegiehall.org/names/81054","Rainer Böhm"
"http://data.carnegiehall.org/names/68304","Ana Milosavljevic"
"http://data.carnegiehall.org/names/27201","Ann J. Kirschner"
"http://data.carnegiehall.org/names/43342","Pete Johnson"
"http://data.carnegiehall.org/names/23839","Jordi Savall"
"http://data.carnegiehall.org/names/24644","Berele Chagi"
"http://data.carnegiehall.org/names/7590","Yevgeny Svetlanov"
"http://data.carnegiehall.org/names/96269","Hamid Motebassem"
"http://data.carnegiehall.org/names/97482","Gordon Lam"
"http://data.carnegiehall.org/names/47784","Louis Tocaben"
"http://data.carnegiehall.org/names/41140","Thad Jones"
"http://data.carnegiehall.org/names/108915","Kristen Anderson-Lopez"
"http://data.carnegiehall.org/names/76408","Buddy Johnson"
"http://data.carnegiehall.org/names/122176","Oriol Cruixent"
"http://data.carnegiehall.org/names/29655","Jesús María Sanromá"
"http://data.carnegiehall.org/names/15929","Airto Moreira"
"http://data.carnegiehall.org/names/125454","Henech Kon"
"http://data.carnegiehall.org/names/44924","Jabbo Smith"
"http://data.carnegiehall.org/names/75920","James Gardner"
"http://data.carnegiehall.org/names/49023","Josef Furgiuele"
"http://data.carnegiehall.org/names/66260","Alan Sneath"
"http://data.carnegiehall.org/names/48143","Andrew Schulman"
"http://data.carnegiehall.org/names/109870","Stacey Rose"
"http://data.carnegiehall.org/names/131263","Jace Kaholokula Saplan"
"http://data.carnegiehall.org/names/131342","Damon Davis"
"http://data.carnegiehall.org/names/113034","Mahsa Vahdat"
"http://data.carnegiehall.org/names/41143","George Quincy"
"http://data.carnegiehall.org/names/72751","W. Mark Howell"
"http://data.carnegiehall.org/names/30481","Steve Allen"
"http://data.carnegiehall.org/names/3369","Jake Holmes"
"http://data.carnegiehall.org/names/81541","Lito Peña"
"http://data.carnegiehall.org/names/131059","Olivier Tarpaga"
"http://data.carnegiehall.org/names/25463","Dizzy Gillespie"
"http://data.carnegiehall.org/names/3648","Elliot Richard Dorfman"
"http://data.carnegiehall.org/names/39072","Robert Di Domenica"
"http://data.carnegiehall.org/names/18294","John George Frank"
"http://data.carnegiehall.org/names/120926","Emily Erekson"
"http://data.carnegiehall.org/names/95292","Steve Lehman"
"http://data.carnegiehall.org/names/59967","John Bonham"
"http://data.carnegiehall.org/names/106346","Slavko Bosnjak"
"http://data.carnegiehall.org/names/10856","William Feldhus"
"http://data.carnegiehall.org/names/66577","Jonathan Sheffer"
"http://data.carnegiehall.org/names/128832","Lynn Huang"
"http://data.carnegiehall.org/names/124690","Ralph Cole"
"http://data.carnegiehall.org/names/14645","Gershon Sirota"
"http://data.carnegiehall.org/names/55874","John Lind"
"http://data.carnegiehall.org/names/49596","Nile Rodgers"
"http://data.carnegiehall.org/names/35167","Carlo Sabatini"
"http://data.carnegiehall.org/names/67094","Yuja Wang"
"http://data.carnegiehall.org/names/95763","A.C. Snead"
"http://data.carnegiehall.org/names/129628","Wilson Pickett"
"http://data.carnegiehall.org/names/56075","Joseph Hollman"
"http://data.carnegiehall.org/names/25152","Robert Aitken"
"http://data.carnegiehall.org/names/37152","Herbie Hancock"
"http://data.carnegiehall.org/names/31210","Ernest Bloch"
"http://data.carnegiehall.org/names/29124","Lew Tabackin"
"http://data.carnegiehall.org/names/3232","Nat Adderley"
"http://data.carnegiehall.org/names/22464","Michael Sheppard"
"http://data.carnegiehall.org/names/10327","Henry Cowell"
"http://data.carnegiehall.org/names/28716","Dan Hicks"
"http://data.carnegiehall.org/names/34347","Michael G. Finegold"
"http://data.carnegiehall.org/names/51092","Hsueh-Yung Shen"
"http://data.carnegiehall.org/names/54990","Oliver Knussen"
"http://data.carnegiehall.org/names/120080","Hal Borne"
"http://data.carnegiehall.org/names/13420","David Behrman"
"http://data.carnegiehall.org/names/51214","Cristiana Pegoraro"
"http://data.carnegiehall.org/names/60539","Linda Bouchard"
"http://data.carnegiehall.org/names/47484","Michael von Biel"
"http://data.carnegiehall.org/names/119231","Adrian Carr"
"http://data.carnegiehall.org/names/100980","Jean Rohe"
"http://data.carnegiehall.org/names/1423","Consuela Moorhead"
"http://data.carnegiehall.org/names/97205","Enrique Gardano"
"http://data.carnegiehall.org/names/323","Matty Malneck"
"http://data.carnegiehall.org/names/11034","Genevieve Pitot"
"http://data.carnegiehall.org/names/70101","Louis Victor Saar"
"http://data.carnegiehall.org/names/60581","Alan Sorvall"
"http://data.carnegiehall.org/names/108815","Giselle Wyers"
"http://data.carnegiehall.org/names/73266","Lloyd Arriola"
"http://data.carnegiehall.org/names/78773","Manuel García-Morante"
"http://data.carnegiehall.org/names/109650","Randy Phillips"
"http://data.carnegiehall.org/names/63228","Sachi Kobayashi"
"http://data.carnegiehall.org/names/6408","Laurel Zucker"
"http://data.carnegiehall.org/names/104468","Pete Ham"
"http://data.carnegiehall.org/names/108499","Don Bryant"
"http://data.carnegiehall.org/names/8028","Jacques Pintel"
"http://data.carnegiehall.org/names/21385","Inessa Zaretsky"
"http://data.carnegiehall.org/names/34982","Clifton Davis"
"http://data.carnegiehall.org/names/99940","Fredric Lieberman"
"http://data.carnegiehall.org/names/20679","Harry T. Burleigh"
"http://data.carnegiehall.org/names/25872","Conal O'Curic Quirke"
"http://data.carnegiehall.org/names/55436","Marcus Roberts"
"http://data.carnegiehall.org/names/100853","Chuck Nation"
"http://data.carnegiehall.org/names/79082","Phyllis Chen"
"http://data.carnegiehall.org/names/54085","Roger Kellaway"
"http://data.carnegiehall.org/names/125920","John Schlenck"
"http://data.carnegiehall.org/names/1336","Merle Haggard"
"http://data.carnegiehall.org/names/120889","Leonid Desyatnikov"
"http://data.carnegiehall.org/names/106616","Srdjan Bulatovic"
"http://data.carnegiehall.org/names/126291","Lukáš Sommer"
"http://data.carnegiehall.org/names/46724","Lee Konitz"
"http://data.carnegiehall.org/names/26272","Henri Morin"
"http://data.carnegiehall.org/names/30477","Ilze Akerbergs"
"http://data.carnegiehall.org/names/116750","Fabrizio Viti"
"http://data.carnegiehall.org/names/17027","Robert Nicholls"
"http://data.carnegiehall.org/names/118373","Michael Bublé"
"http://data.carnegiehall.org/names/13568","Ilya Kataev"
"http://data.carnegiehall.org/names/129320","Chad Vaccarino"
"http://data.carnegiehall.org/names/128470","Igor Loboda"
"http://data.carnegiehall.org/names/117171","Akihito Gorai"
"http://data.carnegiehall.org/names/3657","Sigmund Spaeth"
"http://data.carnegiehall.org/names/28096","William Anderson"
"http://data.carnegiehall.org/names/48031","Johnny Nash"
"http://data.carnegiehall.org/names/93310","Takayuki Akiba"
"http://data.carnegiehall.org/names/110182","Jazzmeia Horn"
"http://data.carnegiehall.org/names/1758","Edwin Schneider"
"http://data.carnegiehall.org/names/121977","Mike Hudson"
"http://data.carnegiehall.org/names/8205","Tison Street"
"http://data.carnegiehall.org/names/26898","Hans Stadlmair"
"http://data.carnegiehall.org/names/130084","Rex Rideout"
"http://data.carnegiehall.org/names/83052","Glenn Kotche"
"http://data.carnegiehall.org/names/117532","Yochai Noah Sadeh"
"http://data.carnegiehall.org/names/4078","Eddie Gomez"
"http://data.carnegiehall.org/names/48044","Paolo Gallico"
"http://data.carnegiehall.org/names/51511","Jack Gibbons"
"http://data.carnegiehall.org/names/33847","Gerard Powers"
"http://data.carnegiehall.org/names/55575","Max Roach"
"http://data.carnegiehall.org/names/94019","Damien Sneed"
"http://data.carnegiehall.org/names/69850","Harrison Birtwistle"
"http://data.carnegiehall.org/names/74080","Saul Schechtman"
"http://data.carnegiehall.org/names/13475","George Evans"
"http://data.carnegiehall.org/names/61353","Christine Malone Kline"
"http://data.carnegiehall.org/names/8570","Ernest Tubb"
"http://data.carnegiehall.org/names/53270","Richard Cameron-Wolfe"
"http://data.carnegiehall.org/names/33278","Emile Naoumoff"
"http://data.carnegiehall.org/names/37458","Seymour Bernstein"
"http://data.carnegiehall.org/names/29629","Rudolph Ganz"
"http://data.carnegiehall.org/names/43425","David Garney"
"http://data.carnegiehall.org/names/19488","Judith Clurman"
"http://data.carnegiehall.org/names/40094","Clair Omar Musser"
"http://data.carnegiehall.org/names/88844","Matthew Vanzini"
"http://data.carnegiehall.org/names/81253","Jason Thoms"
"http://data.carnegiehall.org/names/45742","Laurindo Almeida"
"http://data.carnegiehall.org/names/29745","George Lewis"
"http://data.carnegiehall.org/names/58216","Jack Jeffers"
"http://data.carnegiehall.org/names/124596","Steve Winwood"
"http://data.carnegiehall.org/names/118508","Macklemore"
"http://data.carnegiehall.org/names/6603","Hsiao-Yin Yuan"
"http://data.carnegiehall.org/names/65915","Luigi Mancinelli"
"http://data.carnegiehall.org/names/22181","Anders Edenroth"
"http://data.carnegiehall.org/names/1045","Luciano Berio"
"http://data.carnegiehall.org/names/45304","Harley Gaber"
"http://data.carnegiehall.org/names/63024","Elise Carter"
"http://data.carnegiehall.org/names/7828","Rhea Silberta"
"http://data.carnegiehall.org/names/56984","Frederick Koch"
"http://data.carnegiehall.org/names/49503","Dmitry Kabalevsky"
"http://data.carnegiehall.org/names/58330","C. Bryan Rulon"
"http://data.carnegiehall.org/names/24578","Jianbing Hu"
"http://data.carnegiehall.org/names/16154","Zavel Zilberts"
"http://data.carnegiehall.org/names/49829","Alan Kamen"
"http://data.carnegiehall.org/names/127204","Mike Conrad"
"http://data.carnegiehall.org/names/100175","Deke Sharon"
"http://data.carnegiehall.org/names/66742","Johnny Gandelsman"
"http://data.carnegiehall.org/names/43479","Hans Werner Henze"
"http://data.carnegiehall.org/names/48787","Pierre Boulez"
"http://data.carnegiehall.org/names/13767","Edna White"
"http://data.carnegiehall.org/names/16057","Kenneth Jennings"
"http://data.carnegiehall.org/names/10903","João Gilberto"
"http://data.carnegiehall.org/names/33682","Gary Burton"
"http://data.carnegiehall.org/names/89511","Kevin Hays"
"http://data.carnegiehall.org/names/90539","Otoya Mizuki"
"http://data.carnegiehall.org/names/98908","Wouter Kellerman"
"http://data.carnegiehall.org/names/76660","William B. Dinsmore"
"http://data.carnegiehall.org/names/70368","Tom Boras"
"http://data.carnegiehall.org/names/47236","Bruce Yurko"
"http://data.carnegiehall.org/names/125284","Dominic ""Shodekeh"" Talifero"
"http://data.carnegiehall.org/names/124420","Alejandro Barletta"
"http://data.carnegiehall.org/names/28520","Mississippi John Hurt"
"http://data.carnegiehall.org/names/128994","Leonel García"
"http://data.carnegiehall.org/names/87317","Eric Whitacre"
"http://data.carnegiehall.org/names/13127","Nam June Paik"
"http://data.carnegiehall.org/names/39804","Jim Roberts"
"http://data.carnegiehall.org/names/58026","Cootie Williams"
"http://data.carnegiehall.org/names/126672","Charles Albert McLain"
"http://data.carnegiehall.org/names/29873","Josef Tal"
"http://data.carnegiehall.org/names/130029","ValLimar Jansen"
"http://data.carnegiehall.org/names/97216","Lewis Slavit"
"http://data.carnegiehall.org/names/15421","Evgeny Kissin"
"http://data.carnegiehall.org/names/1879","Barry Harris"
"http://data.carnegiehall.org/names/16658","Bernard Hoffer"
"http://data.carnegiehall.org/names/32842","Michael Sahl"
"http://data.carnegiehall.org/names/37550","Octavio Vazquez"
"http://data.carnegiehall.org/names/63381","Sean Jones"
"http://data.carnegiehall.org/names/62355","Justin Hines"
"http://data.carnegiehall.org/names/56733","Ralph Brainard"
"http://data.carnegiehall.org/names/39293","Walter B. Rogers"
"http://data.carnegiehall.org/names/13525","Scott Latzky"
"http://data.carnegiehall.org/names/89957","Beata Moon"
"http://data.carnegiehall.org/names/80709","Kate Moore"
"http://data.carnegiehall.org/names/103789","Marc Gilbert Apfelstadt"
"http://data.carnegiehall.org/names/59688","Shulamit Ran"
"http://data.carnegiehall.org/names/16211","Gil Evans"
"http://data.carnegiehall.org/names/35786","Noble Cain"
"http://data.carnegiehall.org/names/87777","Jangsoo Jun"
"http://data.carnegiehall.org/names/51796","Arthur Lambert Cone"
"http://data.carnegiehall.org/names/75120","Hezekiah Walker"
"http://data.carnegiehall.org/names/81570","Bradley Ellingboe"
"http://data.carnegiehall.org/names/124597","Chris Dreja"
"http://data.carnegiehall.org/names/127332","Barbara Thompson"
"http://data.carnegiehall.org/names/75509","Samora Pinderhughes"
"http://data.carnegiehall.org/names/10924","Anthony Piccolo"
"http://data.carnegiehall.org/names/61780","Tong Wu"
"http://data.carnegiehall.org/names/17526","Leonardo Balada"
"http://data.carnegiehall.org/names/127283","David S. Goldman"
"http://data.carnegiehall.org/names/132806","Shawn V. Lucas"
"http://data.carnegiehall.org/names/81115","Louis Fujinami Conti"
"http://data.carnegiehall.org/names/125624","Keith Urban"
"http://data.carnegiehall.org/names/20175","Kurt Schindler"
"http://data.carnegiehall.org/names/132520","Mary Kouyoumdjian"
"http://data.carnegiehall.org/names/36007","Zavel Kwartin"
"http://data.carnegiehall.org/names/22392","Chengzong Yin"
"http://data.carnegiehall.org/names/131401","Albert Guinovart"
"http://data.carnegiehall.org/names/58282","Roy Bargy"
"http://data.carnegiehall.org/names/72909","Bob Krogstad"
"http://data.carnegiehall.org/names/480","Julius J. Lyons"
"http://data.carnegiehall.org/names/60438","Mariano Marini"
"http://data.carnegiehall.org/names/68198","Mike Brewer"
"http://data.carnegiehall.org/names/22529","Oscar Hernández"
"http://data.carnegiehall.org/names/18101","Darmon Meader"
"http://data.carnegiehall.org/names/56493","Albert Markov"
"http://data.carnegiehall.org/names/408","Alexander Zhurbin"
"http://data.carnegiehall.org/names/54448","Caren Levine"
"http://data.carnegiehall.org/names/67842","Nico Muhly"
"http://data.carnegiehall.org/names/91512","Camp Kirkland"
"http://data.carnegiehall.org/names/82960","Clay Walker"
"http://data.carnegiehall.org/names/21009","Eric Ewazen"
"http://data.carnegiehall.org/names/71816","Wingy Manone"
"http://data.carnegiehall.org/names/68803","Sukeyasu Shiba"
"http://data.carnegiehall.org/names/66015","Chavela Vargas"
"http://data.carnegiehall.org/names/38572","David Friedman"
"http://data.carnegiehall.org/names/129824","Nora Fox"
"http://data.carnegiehall.org/names/27192","Andrew York"
"http://data.carnegiehall.org/names/91882","Dominick DiOrio"
"http://data.carnegiehall.org/names/13206","Dave Brubeck"
"http://data.carnegiehall.org/names/16515","Reginald Boardman"
"http://data.carnegiehall.org/names/108529","Brad Wells"
"http://data.carnegiehall.org/names/101267","Han Lash"
"http://data.carnegiehall.org/names/36793","Bernice Johnson Reagon"
"http://data.carnegiehall.org/names/5237","Charles Neidich"
"http://data.carnegiehall.org/names/24080","Franz Eugene Burgstaller"
"http://data.carnegiehall.org/names/89067","Jorge Drexler"
"http://data.carnegiehall.org/names/51865","Frank Silver"
"http://data.carnegiehall.org/names/100997","Alon Tayar"
"http://data.carnegiehall.org/names/83795","Man Fang"
"http://data.carnegiehall.org/names/79042","Jack Lenz"
"http://data.carnegiehall.org/names/132760","Sophie Dunér"
"http://data.carnegiehall.org/names/43035","Raymond Pannell"
"http://data.carnegiehall.org/names/90887","Jonathan Levin"
"http://data.carnegiehall.org/names/27269","Gaspar Cassadó"
"http://data.carnegiehall.org/names/28872","Hans Spialek"
"http://data.carnegiehall.org/names/50314","Jimmy Durante"
"http://data.carnegiehall.org/names/66124","David LaFlamme"
"http://data.carnegiehall.org/names/38307","Bruce Fithian"
"http://data.carnegiehall.org/names/86607","Linda Oh"
"http://data.carnegiehall.org/names/87229","Martin Krümmling"
"http://data.carnegiehall.org/names/17118","Charlie Chaplin"
"http://data.carnegiehall.org/names/85497","Rudy Wiedoeft"
"http://data.carnegiehall.org/names/67621","Michael Ward-Bergeman"
"http://data.carnegiehall.org/names/55667","Raoul Gehringer"
"http://data.carnegiehall.org/names/74084","Peter Buetner"
"http://data.carnegiehall.org/names/129772","Iván Enrique Rodríguez"
"http://data.carnegiehall.org/names/100840","Francisco Fierro"
"http://data.carnegiehall.org/names/63640","Gary Anderson"
"http://data.carnegiehall.org/names/103833","David Bruce Goldberg"
"http://data.carnegiehall.org/names/1089","Keith Jarrett"
"http://data.carnegiehall.org/names/96726","Meshach Merrills"
"http://data.carnegiehall.org/names/2304","Buster Smith"
"http://data.carnegiehall.org/names/86025","Jascha Gurewich"
"http://data.carnegiehall.org/names/913","Marilyn Shrude"
"http://data.carnegiehall.org/names/74547","Alberto Jonas"
"http://data.carnegiehall.org/names/67574","Ambrose Akinmusire"
"http://data.carnegiehall.org/names/41170","Tony Zano"
"http://data.carnegiehall.org/names/23785","Paul McCartney"
"http://data.carnegiehall.org/names/41880","David Littrell"
"http://data.carnegiehall.org/names/13266","Henry L. Scott"
"http://data.carnegiehall.org/names/84411","Olivia Trummer"
"http://data.carnegiehall.org/names/59955","George H. Gartlan"
"http://data.carnegiehall.org/names/92542","Jo Junghanss"
"http://data.carnegiehall.org/names/52213","Stephen S. Townsend"
"http://data.carnegiehall.org/names/6432","Leo Schulz"
"http://data.carnegiehall.org/names/4917","Daisy Lumini"
"http://data.carnegiehall.org/names/23210","Elie Siegmeister"
"http://data.carnegiehall.org/names/109297","Elizabeth Kenny"
"http://data.carnegiehall.org/names/18370","Nils Vigeland"
"http://data.carnegiehall.org/names/4342","Dimitri Mitropoulos"
"http://data.carnegiehall.org/names/49226","Henry Burck"
"http://data.carnegiehall.org/names/51808","Ignatz Waghalter"
"http://data.carnegiehall.org/names/130046","Marc Jordan"
"http://data.carnegiehall.org/names/131977","Caroline Lizotte"
"http://data.carnegiehall.org/names/48916","Henri Lazarof"
"http://data.carnegiehall.org/names/23686","Harry Chapin"
"http://data.carnegiehall.org/names/21480","Andrew Violette"
"http://data.carnegiehall.org/names/92343","Cenk Ergün"
"http://data.carnegiehall.org/names/83456","Lior"
"http://data.carnegiehall.org/names/39005","Ted Hearne"
"http://data.carnegiehall.org/names/12563","Max Heinrich"
"http://data.carnegiehall.org/names/121291","Colbie Caillat"
"http://data.carnegiehall.org/names/72641","Oskar Jezior"
"http://data.carnegiehall.org/names/1867","Virgil Thomson"
"http://data.carnegiehall.org/names/34804","Leo Ornstein"
"http://data.carnegiehall.org/names/87916","Marc-André Bougie"
"http://data.carnegiehall.org/names/88630","L'Arpeggiata"
"http://data.carnegiehall.org/names/26053","Tom Cipullo"
"http://data.carnegiehall.org/names/130282","JaRod Hall"
"http://data.carnegiehall.org/names/5347","Jon Lucien"
"http://data.carnegiehall.org/names/73136","Theodore Chanler"
"http://data.carnegiehall.org/names/64033","Konstantin Soukhovetski"
"http://data.carnegiehall.org/names/85671","Bono"
"http://data.carnegiehall.org/names/3942","David Eaton"
"http://data.carnegiehall.org/names/72849","Greg Anderson"
"http://data.carnegiehall.org/names/83653","Byron Wu"
"http://data.carnegiehall.org/names/30453","François-Julien Brun"
"http://data.carnegiehall.org/names/64634","Itsuko Seko"
"http://data.carnegiehall.org/names/16253","Edward Polidi"
"http://data.carnegiehall.org/names/56275","August W. Boehm"
"http://data.carnegiehall.org/names/6285","Solon Alberti"
"http://data.carnegiehall.org/names/132275","Wei Luo"
"http://data.carnegiehall.org/names/70323","Joe Beck"
"http://data.carnegiehall.org/names/561","Elliott Schenck"
"http://data.carnegiehall.org/names/116744","Be Steadwell"
"http://data.carnegiehall.org/names/63245","James Cunningham"
"http://data.carnegiehall.org/names/22697","James Newton"
"http://data.carnegiehall.org/names/110868","Sara Bareilles"
"http://data.carnegiehall.org/names/51001","Bob Haymes"
"http://data.carnegiehall.org/names/91037","Hershy Kay"
"http://data.carnegiehall.org/names/6556","Philip Azzolina"
"http://data.carnegiehall.org/names/56492","Lawrence Kramer"
"http://data.carnegiehall.org/names/32640","Bukka White"
"http://data.carnegiehall.org/names/98957","Felicia Hunter"
"http://data.carnegiehall.org/names/97714","Yoon Sun Choi"
"http://data.carnegiehall.org/names/56349","Alfonso Montecino"
"http://data.carnegiehall.org/names/56894","Edward Boatner"
"http://data.carnegiehall.org/names/40266","Vladimir Padwa"
"http://data.carnegiehall.org/names/70800","Patrick M. Dalton"
"http://data.carnegiehall.org/names/37335","Stan Freeman"
"http://data.carnegiehall.org/names/45269","Paco Peña"
"http://data.carnegiehall.org/names/128220","Ken Medema"
"http://data.carnegiehall.org/names/2700","Donald MacGregor"
"http://data.carnegiehall.org/names/67333","Marina Porchkhidze"
"http://data.carnegiehall.org/names/41919","Joni Mitchell"
"http://data.carnegiehall.org/names/100944","Andrew Bancroft"
"http://data.carnegiehall.org/names/61508","HK Gruber"
"http://data.carnegiehall.org/names/117164","PS 177Q Technology Band"
"http://data.carnegiehall.org/names/107902","Heigo Rosin"
"http://data.carnegiehall.org/names/3053","Leó Weiner"
"http://data.carnegiehall.org/names/62965","Enrico Caruso"
"http://data.carnegiehall.org/names/48495","Luis Morales Bance"
"http://data.carnegiehall.org/names/112681","Matej Meštrovic"
"http://data.carnegiehall.org/names/103007","Jay Wadley"
"http://data.carnegiehall.org/names/42324","David Van Tieghem"
"http://data.carnegiehall.org/names/72916","Anastasia Rene"
"http://data.carnegiehall.org/names/2440","Dina Koston"
"http://data.carnegiehall.org/names/78700","Sasa Toperic"
"http://data.carnegiehall.org/names/127535","Jerry Harrison"
"http://data.carnegiehall.org/names/60161","Edgar Colón-Hernandez"
"http://data.carnegiehall.org/names/76891","Jessica Schmitz"
"http://data.carnegiehall.org/names/45951","Naozumi Yamamoto"
"http://data.carnegiehall.org/names/8190","Hsin-Jung Tsai"
"http://data.carnegiehall.org/names/83747","Kala Ramnath"
"http://data.carnegiehall.org/names/328","Frederica Von Stade"
"http://data.carnegiehall.org/names/68056","Louis Chiappetta"
"http://data.carnegiehall.org/names/56778","Lalo Schifrin"
"http://data.carnegiehall.org/names/11647","Katsuhisa Hattori"
"http://data.carnegiehall.org/names/56758","Nachum Nardi"
"http://data.carnegiehall.org/names/27156","Haskell Small"
"http://data.carnegiehall.org/names/70764","Luis Russell"
"http://data.carnegiehall.org/names/59791","Arthur Rosenstein"
"http://data.carnegiehall.org/names/72318","John Renbourn"
"http://data.carnegiehall.org/names/107999","Leila Adu"
"http://data.carnegiehall.org/names/55484","Paul Paray"
"http://data.carnegiehall.org/names/81005","Alberto Bachmann"
"http://data.carnegiehall.org/names/91484","Vân-Ánh Võ"
"http://data.carnegiehall.org/names/24731","François Rabbath"
"http://data.carnegiehall.org/names/129001","María Daniela Azpiazu"
"http://data.carnegiehall.org/names/128579","William Sydeman"
"http://data.carnegiehall.org/names/99301","Samuel Adams"
"http://data.carnegiehall.org/names/82352","Sheila Weinstein"
"http://data.carnegiehall.org/names/95219","Mareike Wiening"
"http://data.carnegiehall.org/names/94004","Norman Leyden"
"http://data.carnegiehall.org/names/44898","Norman Dello Joio"
"http://data.carnegiehall.org/names/25261","Al Cohn"
"http://data.carnegiehall.org/names/49836","Claude Lapham"
"http://data.carnegiehall.org/names/37529","Howard R. Mann"
"http://data.carnegiehall.org/names/97638","Joshua Burel"
"http://data.carnegiehall.org/names/43195","Eliane Elias"
"http://data.carnegiehall.org/names/121446","Clyde Lawrence"
"http://data.carnegiehall.org/names/100890","Allan Robert Petker"
"http://data.carnegiehall.org/names/59045","Theodore Cella"
"http://data.carnegiehall.org/names/106539","Carlos Henríquez"
"http://data.carnegiehall.org/names/1363","Pauline Alpert"
"http://data.carnegiehall.org/names/16510","Richard Auldon Clark"
"http://data.carnegiehall.org/names/10828","Hilda Banks"
"http://data.carnegiehall.org/names/45658","Theodore Paxson"
"http://data.carnegiehall.org/names/31818","Herman Wasserman"
"http://data.carnegiehall.org/names/125005","Maxwell Lu"
"http://data.carnegiehall.org/names/38163","Frank J. Smith"
"http://data.carnegiehall.org/names/1500","Louvinia G. Pointer"
"http://data.carnegiehall.org/names/53791","Herman Bellstedt"
"http://data.carnegiehall.org/names/95378","Piotr Szewczyk"
"http://data.carnegiehall.org/names/127839","Sunny Knable"
"http://data.carnegiehall.org/names/42316","Ernest Ansermet"
"http://data.carnegiehall.org/names/129968","David T. Bridges"
"http://data.carnegiehall.org/names/18301","Michael Nuss"
"http://data.carnegiehall.org/names/91514","Annie Wolaver-Dupre"
"http://data.carnegiehall.org/names/16974","Apostolos Paraskévas"
"http://data.carnegiehall.org/names/130889","Marisa Michelson"
"http://data.carnegiehall.org/names/80309","Matthew Woodward"
"http://data.carnegiehall.org/names/49637","Bobby Timmons"
"http://data.carnegiehall.org/names/10044","Meredith Willson"
"http://data.carnegiehall.org/names/73605","Jane Siberry"
"http://data.carnegiehall.org/names/14441","Lou Reed"
"http://data.carnegiehall.org/names/42800","Daniel Göritz"
"http://data.carnegiehall.org/names/58237","John Adams"
"http://data.carnegiehall.org/names/73565","João Luiz"
"http://data.carnegiehall.org/names/121650","John Frusciante"
"http://data.carnegiehall.org/names/28712","Jimmy Rushing"
"http://data.carnegiehall.org/names/85787","Dan Wilson"
"http://data.carnegiehall.org/names/82406","Matthew Cameron"
"http://data.carnegiehall.org/names/129255","Brian Culbertson"
"http://data.carnegiehall.org/names/16756","Michael Henri Perlman"
"http://data.carnegiehall.org/names/108060","Jake Armerding"
"http://data.carnegiehall.org/names/12834","Gregor Skolnik"
"http://data.carnegiehall.org/names/57987","Gordon Myers"
"http://data.carnegiehall.org/names/25384","Leila M. Brownell"
"http://data.carnegiehall.org/names/26101","Gershon Kingsley"
"http://data.carnegiehall.org/names/74258","Roby Lakatos"
"http://data.carnegiehall.org/names/93888","Sleepy Man"
"http://data.carnegiehall.org/names/21083","Louis V. Pisciotta"
"http://data.carnegiehall.org/names/50516","Alfredo San Malo"
"http://data.carnegiehall.org/names/19705","Illinois Jacquet"
"http://data.carnegiehall.org/names/63184","Lockrem Johnson"
"http://data.carnegiehall.org/names/4982","Joan Panetti"
"http://data.carnegiehall.org/names/126942","Trey Spruance"
"http://data.carnegiehall.org/names/83273","Jim Cole"
"http://data.carnegiehall.org/names/60710","Maureen Holm"
"http://data.carnegiehall.org/names/86452","Stef-Albert Bothma"
"http://data.carnegiehall.org/names/85804","Gustavo Caruci"
"http://data.carnegiehall.org/names/6445","Dennis Wilson"
"http://data.carnegiehall.org/names/24567","Jeri Southern"
"http://data.carnegiehall.org/names/19578","Ralph Stanley"
"http://data.carnegiehall.org/names/13716","Pía Sebastiani"
"http://data.carnegiehall.org/names/84731","Daniil Trifonov"
"http://data.carnegiehall.org/names/86897","M. C. Schmidt"
"http://data.carnegiehall.org/names/58054","Lee Olson"
"http://data.carnegiehall.org/names/62068","Brad Mehldau"
"http://data.carnegiehall.org/names/1972","Lehman Engel"
"http://data.carnegiehall.org/names/91119","Luis Mauricio Carneiro"
"http://data.carnegiehall.org/names/35411","Sammy Fain"
"http://data.carnegiehall.org/names/94189","Michael W. Smith"
"http://data.carnegiehall.org/names/125088","Aaron Kramer"
"http://data.carnegiehall.org/names/72200","Veera Devi Khare"
"http://data.carnegiehall.org/names/33697","Glen Velez"
"http://data.carnegiehall.org/names/25550","Bridget Kibbey"
"http://data.carnegiehall.org/names/131254","Benjamin Horne"
"http://data.carnegiehall.org/names/118964","Mick Fleetwood"
"http://data.carnegiehall.org/names/40783","Heikki Klemetti"
"http://data.carnegiehall.org/names/29488","Tom Lehrer"
"http://data.carnegiehall.org/names/33000","Arthur T. Cremin"
"http://data.carnegiehall.org/names/47259","Gustav Hinrichs"
"http://data.carnegiehall.org/names/110111","Tomoe Sasano"
"http://data.carnegiehall.org/names/7929","Mana-Zucca"
"http://data.carnegiehall.org/names/8532","Clare Fischer"
"http://data.carnegiehall.org/names/38146","Sholom Secunda"
"http://data.carnegiehall.org/names/66131","Dale Peters"
"http://data.carnegiehall.org/names/34332","J. C. Johnson"
"http://data.carnegiehall.org/names/41002","Bwap"
"http://data.carnegiehall.org/names/54053","Francis MacMillen"
"http://data.carnegiehall.org/names/34426","Robert Fairfax Birch"
"http://data.carnegiehall.org/names/26358","Jimmy Reed"
"http://data.carnegiehall.org/names/121024","Margin Alexander"
"http://data.carnegiehall.org/names/46559","Nina Kotova"
"http://data.carnegiehall.org/names/33647","Angela Bofill"
"http://data.carnegiehall.org/names/77221","Igor Raykhelson"
"http://data.carnegiehall.org/names/927","Abe Lyman"
"http://data.carnegiehall.org/names/45916","Cesare Sodero"
"http://data.carnegiehall.org/names/73824","Franghiz Ali-Zadeh"
"http://data.carnegiehall.org/names/47014","Gil Scott Chapman"
"http://data.carnegiehall.org/names/14985","Paul Trueblood"
"http://data.carnegiehall.org/names/13272","George Harrison"
"http://data.carnegiehall.org/names/49354","Jester Hairston"
"http://data.carnegiehall.org/names/70378","Herbert Kingsley"
"http://data.carnegiehall.org/names/5760","Ovide Musin"
"http://data.carnegiehall.org/names/10248","Tito Schipa"
"http://data.carnegiehall.org/names/14012","Jacques Loussier"
"http://data.carnegiehall.org/names/87876","Paul Bloom"
"http://data.carnegiehall.org/names/34632","Spontaneous Winds"
"http://data.carnegiehall.org/names/56841","John Francis Gilder"
"http://data.carnegiehall.org/names/110752","Astrid Kuljanic"
"http://data.carnegiehall.org/names/20223","Mike Stern"
"http://data.carnegiehall.org/names/58661","Hiao-Tsiun Ma"
"http://data.carnegiehall.org/names/20122","Guowei Wang"
"http://data.carnegiehall.org/names/11573","Reverend Gary Davis"
"http://data.carnegiehall.org/names/111285","Brian Keane"
"http://data.carnegiehall.org/names/27257","Larry Austin"
"http://data.carnegiehall.org/names/66415","Edmund Severn"
"http://data.carnegiehall.org/names/3041","Ladysmith Black Mambazo"
"http://data.carnegiehall.org/names/46871","Carole King"
"http://data.carnegiehall.org/names/2075","Armand Vecsey"
"http://data.carnegiehall.org/names/84587","Stephanie Chou"
"http://data.carnegiehall.org/names/52127","Abraham Stokman"
"http://data.carnegiehall.org/names/32844","Dora Perelmann"
"http://data.carnegiehall.org/names/110114","Naoto Oka"
"http://data.carnegiehall.org/names/56456","E. Harrison Gordon"
"http://data.carnegiehall.org/names/17910","Ric Talbot"
"http://data.carnegiehall.org/names/61544","Z. Randall Stroope"
"http://data.carnegiehall.org/names/34189","Neal Ramsay"
"http://data.carnegiehall.org/names/55381","Toshiko Kiryu"
"http://data.carnegiehall.org/names/30828","Walter Hilse"
"http://data.carnegiehall.org/names/29259","Don Sowers"
"http://data.carnegiehall.org/names/58339","Johannes Wallmann"
"http://data.carnegiehall.org/names/30266","Paul Winston"
"http://data.carnegiehall.org/names/15399","Oliver Nelson"
"http://data.carnegiehall.org/names/129986","Carlos Varela"
"http://data.carnegiehall.org/names/127065","Aron Accurso"
"http://data.carnegiehall.org/names/36293","Robert Helps"
"http://data.carnegiehall.org/names/40160","Edwin Biltcliffe"
"http://data.carnegiehall.org/names/32819","Josef Totzauer"
"http://data.carnegiehall.org/names/9045","Daniel Ott"
"http://data.carnegiehall.org/names/55042","Tigran Nanian"
"http://data.carnegiehall.org/names/32550","Byron Janis"
"http://data.carnegiehall.org/names/82954","Vincent Sorey"
"http://data.carnegiehall.org/names/52517","Kenny Burrell"
"http://data.carnegiehall.org/names/14330","Alexander N. Ivanoff"
"http://data.carnegiehall.org/names/89429","Clara Lyon"
"http://data.carnegiehall.org/names/53325","Michael Limoli"
"http://data.carnegiehall.org/names/75287","Paul Schoenfield"
"http://data.carnegiehall.org/names/2089","Arthur Kreutz"
"http://data.carnegiehall.org/names/52959","Reggie Workman"
"http://data.carnegiehall.org/names/124583","Larry Byrom"
"http://data.carnegiehall.org/names/34246","Lee Hays"
"http://data.carnegiehall.org/names/59139","Ramsey Lewis"
"http://data.carnegiehall.org/names/63471","James Pankow"
"http://data.carnegiehall.org/names/101908","Aloe Blacc"
"http://data.carnegiehall.org/names/40988","Claudio Roditi"
"http://data.carnegiehall.org/names/28170","Roslyn Brogue"
"http://data.carnegiehall.org/names/7788","Brian Jones"
"http://data.carnegiehall.org/names/42307","James Reese Europe"
"http://data.carnegiehall.org/names/29279","Wardell Gray"
"http://data.carnegiehall.org/names/34152","Bryan Adams"
"http://data.carnegiehall.org/names/94862","Gena Branscombe"
"http://data.carnegiehall.org/names/10630","Brian Fennelly"
"http://data.carnegiehall.org/names/118639","Felix Labunski"
"http://data.carnegiehall.org/names/9320","Robert Edwin"
"http://data.carnegiehall.org/names/27198","Joseph Karpienia"
"http://data.carnegiehall.org/names/52547","Dennison Wheelock"
"http://data.carnegiehall.org/names/3781","Herman Yablokoff"
"http://data.carnegiehall.org/names/17452","James Willey"
"http://data.carnegiehall.org/names/105796","Jim Henson"
"http://data.carnegiehall.org/names/75928","Patrick M. Liebergen"
"http://data.carnegiehall.org/names/29282","Angelo Guiffrida"
"http://data.carnegiehall.org/names/85104","Brant Adams"
"http://data.carnegiehall.org/names/66873","Luciana Souza"
"http://data.carnegiehall.org/names/28036","Ziggy Elman"
"http://data.carnegiehall.org/names/7356","Teddy Kotick"
"http://data.carnegiehall.org/names/113846","Zhihua Hu"
"http://data.carnegiehall.org/names/40680","Reinald Werrenrath"
"http://data.carnegiehall.org/names/25772","Sigmund Romberg"
"http://data.carnegiehall.org/names/29767","Gabriel Engel"
"http://data.carnegiehall.org/names/30457","Ansley Fleetwood"
"http://data.carnegiehall.org/names/41567","Noel Pointer"
"http://data.carnegiehall.org/names/55849","William F. Jacques"
"http://data.carnegiehall.org/names/69096","Gabriela Lena Frank"
"http://data.carnegiehall.org/names/1688","Walter Gieseking"
"http://data.carnegiehall.org/names/65600","Josef Marais"
"http://data.carnegiehall.org/names/97861","Somtow Sucharitkul"
"http://data.carnegiehall.org/names/68478","Morten Lauridsen"
"http://data.carnegiehall.org/names/71913","George L. Lansing"
"http://data.carnegiehall.org/names/42801","Philip James"
"http://data.carnegiehall.org/names/68947","Hubert Tillery"
"http://data.carnegiehall.org/names/27037","Ray Charles"
"http://data.carnegiehall.org/names/59853","Louis Horst"
"http://data.carnegiehall.org/names/30035","Paul Nash"
"http://data.carnegiehall.org/names/73442","Bernard Labadie"
"http://data.carnegiehall.org/names/23090","Stephen Katz"
"http://data.carnegiehall.org/names/127006","Randal Despommier"
"http://data.carnegiehall.org/names/131444","David Virelles"
"http://data.carnegiehall.org/names/40348","Randy Weston"
"http://data.carnegiehall.org/names/131255","Lindsay Bronnenkant"
"http://data.carnegiehall.org/names/60560","Manuel Herrarte"
"http://data.carnegiehall.org/names/45754","Paul Alexander"
"http://data.carnegiehall.org/names/119687","James Walker"
"http://data.carnegiehall.org/names/58006","Alberto Socarrás"
"http://data.carnegiehall.org/names/107402","Kara DioGuardi"
"http://data.carnegiehall.org/names/34713","Roy Harris"
"http://data.carnegiehall.org/names/59803","Clarence Dickinson"
"http://data.carnegiehall.org/names/57011","Jed Distler"
"http://data.carnegiehall.org/names/41240","Jonathon Welch"
"http://data.carnegiehall.org/names/131788","Marilyn Best"
"http://data.carnegiehall.org/names/26735","Sidney Sukoenig"
"http://data.carnegiehall.org/names/66457","Taylor Hanson"
"http://data.carnegiehall.org/names/130624","Zac Zinger"
"http://data.carnegiehall.org/names/7824","Osamu Shimizu"
"http://data.carnegiehall.org/names/10700","Howard Hanson"
"http://data.carnegiehall.org/names/66862","Greg Lake"
"http://data.carnegiehall.org/names/124588","Ray Thomas"
"http://data.carnegiehall.org/names/29739","Adriana Bandini"
"http://data.carnegiehall.org/names/17322","Hideki Takao"
"http://data.carnegiehall.org/names/38970","Karl Berger"
"http://data.carnegiehall.org/names/34745","Cynthia Lee Wong"
"http://data.carnegiehall.org/names/44565","Jonel Perlea"
"http://data.carnegiehall.org/names/101497","Mehmet Ali Sanlikol"
"http://data.carnegiehall.org/names/93737","Magda Giannikou"
"http://data.carnegiehall.org/names/39937","Robert Fleischer"
"http://data.carnegiehall.org/names/121287","Michael Alvarado"
"http://data.carnegiehall.org/names/105226","Sally K. Albrecht"
"http://data.carnegiehall.org/names/126524","Paul Goldstaub"
"http://data.carnegiehall.org/names/70291","Birch Johnson"
"http://data.carnegiehall.org/names/127459","Aruna Narayan"
"http://data.carnegiehall.org/names/34858","Philip Lasser"
"http://data.carnegiehall.org/names/55586","Anna Case"
"http://data.carnegiehall.org/names/72494","David Pavlovits"
"http://data.carnegiehall.org/names/96802","Eilis Kennedy"
"http://data.carnegiehall.org/names/58691","Peter Eldridge"
"http://data.carnegiehall.org/names/39142","Don Shirley"
"http://data.carnegiehall.org/names/65987","Theo Bleckmann"
"http://data.carnegiehall.org/names/61291","Emeline Michel"
"http://data.carnegiehall.org/names/75682","Charles Yang"
"http://data.carnegiehall.org/names/13697","Oddone Sommovigo"
"http://data.carnegiehall.org/names/17467","Bruce Hobson"
"http://data.carnegiehall.org/names/30641","Frank van der Stucken"
"http://data.carnegiehall.org/names/60129","Mika Rannali"
"http://data.carnegiehall.org/names/13056","Clive Carey"
"http://data.carnegiehall.org/names/80543","Joachim Stutschewsky"
"http://data.carnegiehall.org/names/2852","George Vitalis"
"http://data.carnegiehall.org/names/106617","Darko Nikcevic"
"http://data.carnegiehall.org/names/12036","Michael Dadap"
"http://data.carnegiehall.org/names/130031","W. Clifford Petty"
"http://data.carnegiehall.org/names/46310","Wallace Hornady"
"http://data.carnegiehall.org/names/108618","Leon Gurvitch"
"http://data.carnegiehall.org/names/75409","Jeremy Jordan"
"http://data.carnegiehall.org/names/5799","Mark Andrews"
"http://data.carnegiehall.org/names/37792","Tadamitsu Saito"
"http://data.carnegiehall.org/names/125137","Alan Thomas"
"http://data.carnegiehall.org/names/16073","Charlie Shavers"
"http://data.carnegiehall.org/names/132036","Nina C. Young"
"http://data.carnegiehall.org/names/30783","Susan Botti"
"http://data.carnegiehall.org/names/5213","Pietro Floridia"
"http://data.carnegiehall.org/names/120268","Erik Bye"
"http://data.carnegiehall.org/names/64911","Timo Andres"
"http://data.carnegiehall.org/names/76155","Jae Sook Moon"
"http://data.carnegiehall.org/names/12797","Harry Reginald Spier"
"http://data.carnegiehall.org/names/73764","Gregg Kallor"
"http://data.carnegiehall.org/names/127279","Alex Otey"
"http://data.carnegiehall.org/names/30529","Giuseppe Monaco"
"http://data.carnegiehall.org/names/43639","Melissa Manchester"
"http://data.carnegiehall.org/names/8625","Xaver Scharwenka"
"http://data.carnegiehall.org/names/40265","Marshall Bartholomew"
"http://data.carnegiehall.org/names/26540","Awilda Villarini"
"http://data.carnegiehall.org/names/47193","Richard Danielpour"
"http://data.carnegiehall.org/names/71460","Honey Novick"
"http://data.carnegiehall.org/names/91190","Ethelwyn Lockhart"
"http://data.carnegiehall.org/names/59491","Giuseppe Moschetti"
"http://data.carnegiehall.org/names/125057","Joe Jones"
"http://data.carnegiehall.org/names/129242","Kevin Griffin"
"http://data.carnegiehall.org/names/7983","Richard Trunk"
"http://data.carnegiehall.org/names/72624","Chava Alberstein"
"http://data.carnegiehall.org/names/68331","Frank Ticheli"
"http://data.carnegiehall.org/names/83393","Curtis Smith"
"http://data.carnegiehall.org/names/45578","Luigi Arditi"
"http://data.carnegiehall.org/names/8870","Richard Marriott"
"http://data.carnegiehall.org/names/36296","Bill Smith"
"http://data.carnegiehall.org/names/55958","Jacques Guyonnet"
"http://data.carnegiehall.org/names/5214","Charles E. King"
"http://data.carnegiehall.org/names/84542","Daniel Wolf"
"http://data.carnegiehall.org/names/12940","Josef Hofmann"
"http://data.carnegiehall.org/names/34054","James Fulkerson"
"http://data.carnegiehall.org/names/19969","William Flanagan"
"http://data.carnegiehall.org/names/53950","Noel Lee"
"http://data.carnegiehall.org/names/1755","David Liebman"
"http://data.carnegiehall.org/names/132680","Daniel Semsen"
"http://data.carnegiehall.org/names/130123","Joe Duddell"
"http://data.carnegiehall.org/names/132524","Ellen Reid"
"http://data.carnegiehall.org/names/22390","Lawrence G. Farrow"
"http://data.carnegiehall.org/names/72643","Hasan Bakr"
"http://data.carnegiehall.org/names/1264","Eddy Brown"
"http://data.carnegiehall.org/names/82987","Jean-Francois Bernardini"
"http://data.carnegiehall.org/names/50471","Bright Sheng"
"http://data.carnegiehall.org/names/20063","Igor Markevitch"
"http://data.carnegiehall.org/names/7922","Frederic Rzewski"
"http://data.carnegiehall.org/names/21902","Ben Oakland"
"http://data.carnegiehall.org/names/16557","Frank Bibb"
"http://data.carnegiehall.org/names/56030","Max Lifchitz"
"http://data.carnegiehall.org/names/34540","Abraham Borodkin"
"http://data.carnegiehall.org/names/72201","Helmuth H. Fuchs"
"http://data.carnegiehall.org/names/32490","Homer Norris"
"http://data.carnegiehall.org/names/78243","George Golla"
"http://data.carnegiehall.org/names/25939","Nokuthula Ngwenyama"
"http://data.carnegiehall.org/names/34823","George Gershwin"
"http://data.carnegiehall.org/names/100670","Nick Revel"
"http://data.carnegiehall.org/names/41565","Efrem Zimbalist"
"http://data.carnegiehall.org/names/72296","David Calkins"
"http://data.carnegiehall.org/names/27915","T. Texas Tyler"
"http://data.carnegiehall.org/names/77114","Hossein Alizadeh"
"http://data.carnegiehall.org/names/6129","Georg Ahl"
"http://data.carnegiehall.org/names/53977","Jim Seals"
"http://data.carnegiehall.org/names/18504","Gregg Allman"
"http://data.carnegiehall.org/names/41220","Willie Ruff"
"http://data.carnegiehall.org/names/76343","Roberto Raheli"
"http://data.carnegiehall.org/names/82726","Grace Jong Eun Lee"
"http://data.carnegiehall.org/names/60544","Antônio Carlos Jobim"
"http://data.carnegiehall.org/names/49516","Beryl Rubinstein"
"http://data.carnegiehall.org/names/14120","Leonard Lehrman"
"http://data.carnegiehall.org/names/24708","Evan Ziporyn"
"http://data.carnegiehall.org/names/34549","Hugh S. Roberton"
"http://data.carnegiehall.org/names/25044","Reinhold Herman"
"http://data.carnegiehall.org/names/11766","Liza Lehmann"
"http://data.carnegiehall.org/names/113406","Sean Watkins"
"http://data.carnegiehall.org/names/105641","Alexander Russell"
"http://data.carnegiehall.org/names/70141","Gyan Riley"
"http://data.carnegiehall.org/names/37295","Max Liebling"
"http://data.carnegiehall.org/names/24686","Giuseppe Vitale"
"http://data.carnegiehall.org/names/129234","Maxim Shalygin"
"http://data.carnegiehall.org/names/121647","Alexander Boldachev"
"http://data.carnegiehall.org/names/21570","Anne LeBaron"
"http://data.carnegiehall.org/names/29525","Gilberto Valdés"
"http://data.carnegiehall.org/names/52564","Jimmy Raney"
"http://data.carnegiehall.org/names/25490","Eduard Strauss"
"http://data.carnegiehall.org/names/55164","Roger Zahab"
"http://data.carnegiehall.org/names/6929","Josef Stransky"
"http://data.carnegiehall.org/names/30951","Norman Scribner"
"http://data.carnegiehall.org/names/64572","Kelly Hall-Tompkins"
"http://data.carnegiehall.org/names/76002","Vaclav Nelhybel"
"http://data.carnegiehall.org/names/39101","Clifford Vaughan"
"http://data.carnegiehall.org/names/28194","Akua Dixon"
"http://data.carnegiehall.org/names/35423","Wilbur De Paris"
"http://data.carnegiehall.org/names/12961","John Erskine"
"http://data.carnegiehall.org/names/109648","Shawn Craig"
"http://data.carnegiehall.org/names/50725","Alexander Koshetz"
"http://data.carnegiehall.org/names/88550","Jie Wang"
"http://data.carnegiehall.org/names/85803","Héctor Molina"
"http://data.carnegiehall.org/names/119400","Phil Guilbeau"
"http://data.carnegiehall.org/names/43592","Felix Weingartner"
"http://data.carnegiehall.org/names/14654","Freddie Hubbard"
"http://data.carnegiehall.org/names/46967","Alberto Bimboni"
"http://data.carnegiehall.org/names/116575","Steven Banks"
"http://data.carnegiehall.org/names/71775","Lionel Belasco"
"http://data.carnegiehall.org/names/121389","Jonas Myrin"
"http://data.carnegiehall.org/names/11057","Walter Lee"
"http://data.carnegiehall.org/names/120341","Sota Asano"
"http://data.carnegiehall.org/names/126712","James Mitchell"
"http://data.carnegiehall.org/names/4807","Bernard Rands"
"http://data.carnegiehall.org/names/75778","Roswell Rudd"
"http://data.carnegiehall.org/names/13247","Avraham Sternklar"
"http://data.carnegiehall.org/names/42123","David Willcocks"
"http://data.carnegiehall.org/names/58977","Sergio Mendes"
"http://data.carnegiehall.org/names/59350","Lennie Niehaus"
"http://data.carnegiehall.org/names/75267","Joseph Lacalle"
"http://data.carnegiehall.org/names/80292","Philip Hough"
"http://data.carnegiehall.org/names/5119","Tiny Grimes"
"http://data.carnegiehall.org/names/39870","H. R. Humphries"
"http://data.carnegiehall.org/names/98164","Joy Williams"
"http://data.carnegiehall.org/names/83571","Beata Palya"
"http://data.carnegiehall.org/names/42489","Daron Hagen"
"http://data.carnegiehall.org/names/4948","Amherst Webber"
"http://data.carnegiehall.org/names/11430","Frank Doyle"
"http://data.carnegiehall.org/names/129148","Kim McLean"
"http://data.carnegiehall.org/names/89817","Christopher Mayo"
"http://data.carnegiehall.org/names/20945","Fats Domino"
"http://data.carnegiehall.org/names/14144","David Rosenboom"
"http://data.carnegiehall.org/names/62333","Steven Lynch"
"http://data.carnegiehall.org/names/4706","Enrico Toselli"
"http://data.carnegiehall.org/names/54094","Paul Knopf"
"http://data.carnegiehall.org/names/71449","Jack Fitzer"
"http://data.carnegiehall.org/names/130971","David Klock"
"http://data.carnegiehall.org/names/100995","Billy Test"
"http://data.carnegiehall.org/names/53310","Albert Vertchamp"
"http://data.carnegiehall.org/names/79743","Craig Urquhart"
"http://data.carnegiehall.org/names/89704","Magnus Schriefl"
"http://data.carnegiehall.org/names/28853","Raul Olarte"
"http://data.carnegiehall.org/names/59698","Adam Klein"
"http://data.carnegiehall.org/names/59123","Kenneth Amis"
"http://data.carnegiehall.org/names/127460","Peni Candra Rini"
"http://data.carnegiehall.org/names/46866","Daniel Dorff"
"http://data.carnegiehall.org/names/8719","Eric Clapton"
"http://data.carnegiehall.org/names/52710","Stuart Ross"
"http://data.carnegiehall.org/names/58976","João Bosco"
"http://data.carnegiehall.org/names/17527","Steve Gadd"
"http://data.carnegiehall.org/names/4176","Tim Hardin"
"http://data.carnegiehall.org/names/126860","Giorgio Susana"
"http://data.carnegiehall.org/names/85977","Michael Olatuja"
"http://data.carnegiehall.org/names/63792","George Adams"
"http://data.carnegiehall.org/names/86226","Ruo Huang"
"http://data.carnegiehall.org/names/7061","Hal Cazalet"
"http://data.carnegiehall.org/names/45789","Vincent O'Brien"
"http://data.carnegiehall.org/names/63463","John Densmore"
"http://data.carnegiehall.org/names/88872","Daniel Thomas Davis"
"http://data.carnegiehall.org/names/119940","Hampton Hawes"
"http://data.carnegiehall.org/names/22337","Ann Silsbee"
"http://data.carnegiehall.org/names/68818","Christina Courtin"
"http://data.carnegiehall.org/names/85674","The Edge"
"http://data.carnegiehall.org/names/110869","Shaina Taub"
"http://data.carnegiehall.org/names/106791","Sean Shepherd"
"http://data.carnegiehall.org/names/48930","James Pierce"
"http://data.carnegiehall.org/names/16229","Eliseo Grenet"
"http://data.carnegiehall.org/names/47518","Lawrence Singer"
"http://data.carnegiehall.org/names/11978","Conrad Cummings"
"http://data.carnegiehall.org/names/33255","Sigmund Groven"
"http://data.carnegiehall.org/names/29791","Richard Oliver"
"http://data.carnegiehall.org/names/85785","Giovanni Allevi"
"http://data.carnegiehall.org/names/125453","Dai Wei"
"http://data.carnegiehall.org/names/102894","A. V. (Aleksandr Vasil'evich) Aleksandrov"
"http://data.carnegiehall.org/names/54465","Joyce Suskind"
"http://data.carnegiehall.org/names/32788","Josephy Horodas"
"http://data.carnegiehall.org/names/33852","David Sampson"
"http://data.carnegiehall.org/names/122289","Kevin Day"
"http://data.carnegiehall.org/names/127878","Richard Munson"
"http://data.carnegiehall.org/names/127064","Lissa Schneckenburger"
"http://data.carnegiehall.org/names/11665","Keith Richards"
"http://data.carnegiehall.org/names/102956","Henry L. Marinovic"
"http://data.carnegiehall.org/names/2692","Philip Egner"
"http://data.carnegiehall.org/names/46899","Michael Fiveisky"
"http://data.carnegiehall.org/names/3217","Ethelbert Nevin"
"http://data.carnegiehall.org/names/118958","Avi Kaplan"
"http://data.carnegiehall.org/names/72467","John Orfe"
"http://data.carnegiehall.org/names/7054","Samuel Heifetz"
"http://data.carnegiehall.org/names/114608","Keyin Lou"
"http://data.carnegiehall.org/names/40058","Ralph Shapey"
"http://data.carnegiehall.org/names/127645","Pablo Díaz"
"http://data.carnegiehall.org/names/106700","H. Sargavak"
"http://data.carnegiehall.org/names/80810","Miroslav Jesic"
"http://data.carnegiehall.org/names/50101","Oscar Pettiford"
"http://data.carnegiehall.org/names/86895","Matmos"
"http://data.carnegiehall.org/names/125458","Holly Knight"
"http://data.carnegiehall.org/names/36657","Oscar Yas"
"http://data.carnegiehall.org/names/113634","Dominique Hunziker"
"http://data.carnegiehall.org/names/83923","Laura Karpman"
"http://data.carnegiehall.org/names/55309","Edwin Birdsong"
"http://data.carnegiehall.org/names/14533","Daniel Santos"
"http://data.carnegiehall.org/names/56579","Paul Nordoff"
"http://data.carnegiehall.org/names/110190","Courtney Bryan"
"http://data.carnegiehall.org/names/87290","Ara Dinkjian"
"http://data.carnegiehall.org/names/86228","Erin Gee"
"http://data.carnegiehall.org/names/81286","Ned McGowan"
"http://data.carnegiehall.org/names/106686","Steve Brochu"
"http://data.carnegiehall.org/names/80791","Gabriel Zucker"
"http://data.carnegiehall.org/names/83331","Israel Baum"
"http://data.carnegiehall.org/names/129825","Jonathan Kane"
"http://data.carnegiehall.org/names/128697","Jeremy Harman"
"http://data.carnegiehall.org/names/84093","Smokie Norful"
"http://data.carnegiehall.org/names/60969","Paul Alan Levi"
"http://data.carnegiehall.org/names/51900","Marc Neikrug"
"http://data.carnegiehall.org/names/116754","Linda (Laura) Tequila Logan"
"http://data.carnegiehall.org/names/4445","Victor Young"
"http://data.carnegiehall.org/names/77693","Filip Pavlov"
"http://data.carnegiehall.org/names/35235","Nat King Cole"
"http://data.carnegiehall.org/names/44792","William Clark"
"http://data.carnegiehall.org/names/61074","William Gunther"
"http://data.carnegiehall.org/names/10929","Leonard De Paur"
"http://data.carnegiehall.org/names/26330","Heinz Holliger"
"http://data.carnegiehall.org/names/57565","Colin McPhee"
"http://data.carnegiehall.org/names/71710","Pawel Knapik"
"http://data.carnegiehall.org/names/91872","Irwin Kostal"
"http://data.carnegiehall.org/names/6586","Alexandre Guilmant"
"http://data.carnegiehall.org/names/14592","Paul Leenhouts"
"http://data.carnegiehall.org/names/36262","Fritz Stahlberg"
"http://data.carnegiehall.org/names/130625","Hikaru Sawai"
"http://data.carnegiehall.org/names/7569","Lester Young"
"http://data.carnegiehall.org/names/119805","Claude Jeter"
"http://data.carnegiehall.org/names/48614","Andrew Thomas"
"http://data.carnegiehall.org/names/12703","Christos Tsitsaros"
"http://data.carnegiehall.org/names/121310","Grigor Arakelian"
"http://data.carnegiehall.org/names/30255","Gaston Dethier"
"http://data.carnegiehall.org/names/31854","Modest Altschuler"
"http://data.carnegiehall.org/names/9616","Dwayne S. Milburn"
"http://data.carnegiehall.org/names/40388","David Leisner"
"http://data.carnegiehall.org/names/42380","Jeffery L. Ames"
"http://data.carnegiehall.org/names/66122","Papa John Creach"
"http://data.carnegiehall.org/names/79016","Scott Johnson"
"http://data.carnegiehall.org/names/111019","Francesco Bottigliero"
"http://data.carnegiehall.org/names/124759","Leslie West"
"http://data.carnegiehall.org/names/128786","Elliot Kaplan"
"http://data.carnegiehall.org/names/112728","Justus Heher"
"http://data.carnegiehall.org/names/49877","Arthur Schwartz"
"http://data.carnegiehall.org/names/43637","Dominic Miller"
"http://data.carnegiehall.org/names/58519","Stuart Diamond"
"http://data.carnegiehall.org/names/12876","Martin Pierre Marsick"
"http://data.carnegiehall.org/names/78413","Valerie Simpson"
"http://data.carnegiehall.org/names/115050","Fan Wang"
"http://data.carnegiehall.org/names/78251","Bill Chase"
"http://data.carnegiehall.org/names/75051","Marcus Miller"
"http://data.carnegiehall.org/names/66569","Perry Robinson"
"http://data.carnegiehall.org/names/13133","Peter Howard"
"http://data.carnegiehall.org/names/76060","Martin Bresnick"
"http://data.carnegiehall.org/names/57475","Jules Bledsoe"
"http://data.carnegiehall.org/names/53713","John Leavitt"
"http://data.carnegiehall.org/names/86054","Angel Lam"
"http://data.carnegiehall.org/names/50290","Rex Stewart"
"http://data.carnegiehall.org/names/88560","Travis Cottrell"
"http://data.carnegiehall.org/names/33949","Erno Rapee"
"http://data.carnegiehall.org/names/91016","Ben Toth"
"http://data.carnegiehall.org/names/64674","Osvaldo Golijov"
"http://data.carnegiehall.org/names/99804","Paola Prestini"
"http://data.carnegiehall.org/names/2553","Werner Singer"
"http://data.carnegiehall.org/names/10297","Bernard Wagenaar"
"http://data.carnegiehall.org/names/17365","Jerry Dodgion"
"http://data.carnegiehall.org/names/50618","Steve Goodman"
"http://data.carnegiehall.org/names/50837","Sergei Babayan"
"http://data.carnegiehall.org/names/3958","Jon Deak"
"http://data.carnegiehall.org/names/71606","Stephen Montague"
"http://data.carnegiehall.org/names/116966","Sam Lipman"
"http://data.carnegiehall.org/names/21836","Homer Samuels"
"http://data.carnegiehall.org/names/12467","Silas G. Pratt"
"http://data.carnegiehall.org/names/12672","Eero Richmond"
"http://data.carnegiehall.org/names/54038","JoAnne Brackeen"
"http://data.carnegiehall.org/names/56656","Marian Zazeela"
"http://data.carnegiehall.org/names/17601","John Cale"
"http://data.carnegiehall.org/names/4661","Robert O. Jenkins"
"http://data.carnegiehall.org/names/51131","Otto Andreas"
"http://data.carnegiehall.org/names/62824","Kirk Noreen"
"http://data.carnegiehall.org/names/39199","Bola de Nieve"
"http://data.carnegiehall.org/names/84724","Pietro Frosini"
"http://data.carnegiehall.org/names/31569","Jose Antonio Naranjo"
"http://data.carnegiehall.org/names/67304","Richard Carpenter"
"http://data.carnegiehall.org/names/10198","Paul Horn"
"http://data.carnegiehall.org/names/30701","Quincy Jones"
"http://data.carnegiehall.org/names/27412","Luiz Bonfá"
"http://data.carnegiehall.org/names/110692","Kristian Marius Andersen"
"http://data.carnegiehall.org/names/127938","Berton Averre"
"http://data.carnegiehall.org/names/36597","Matt Catingub"
"http://data.carnegiehall.org/names/13575","Wing-Hee Wong"
"http://data.carnegiehall.org/names/63151","Benny Krueger"
"http://data.carnegiehall.org/names/19062","Edmund Barton Bullock"
"http://data.carnegiehall.org/names/33775","Red Rodney"
"http://data.carnegiehall.org/names/40738","George Kirichenko"
"http://data.carnegiehall.org/names/49608","T. Tertius Noble"
"http://data.carnegiehall.org/names/40786","William G. Hammond"
"http://data.carnegiehall.org/names/19428","William H. Tyers"
"http://data.carnegiehall.org/names/22598","Josef Borissoff"
"http://data.carnegiehall.org/names/44712","Robert Russell Bennett"
"http://data.carnegiehall.org/names/127331","Luke Howard"
"http://data.carnegiehall.org/names/9345","F. Melius Christiansen"
"http://data.carnegiehall.org/names/36129","Alfred Heller"
"http://data.carnegiehall.org/names/84600","Idina Menzel"
"http://data.carnegiehall.org/names/97037","E. Presson Miller"
"http://data.carnegiehall.org/names/97319","Lisa Hilton"
"http://data.carnegiehall.org/names/19888","Sam Jones"
"http://data.carnegiehall.org/names/1930","Toshi Reagon"
"http://data.carnegiehall.org/names/10644","Ilian Iliev"
"http://data.carnegiehall.org/names/59190","Arturo O'Farrill"
"http://data.carnegiehall.org/names/36025","Theodore Spiering"
"http://data.carnegiehall.org/names/105595","Kitty Berger"
"http://data.carnegiehall.org/names/62327","Damien Harron"
"http://data.carnegiehall.org/names/17879","Ralph L. Baldwin"
"http://data.carnegiehall.org/names/21416","L. Poporello"
"http://data.carnegiehall.org/names/21764","India Cooke"
"http://data.carnegiehall.org/names/88010","Aleksey Igudesman"
"http://data.carnegiehall.org/names/46308","Taj Mahal"
"http://data.carnegiehall.org/names/57209","Ron Steele"
"http://data.carnegiehall.org/names/84633","Dominic Tranzillo"
"http://data.carnegiehall.org/names/111261","Hannah Coleman"
"http://data.carnegiehall.org/names/43408","W. A. Ernst"
"http://data.carnegiehall.org/names/59590","Laurie Anderson"
"http://data.carnegiehall.org/names/89253","Janet Pummill"
"http://data.carnegiehall.org/names/42798","Roger Miller"
"http://data.carnegiehall.org/names/30095","Gabriele Sibella"
"http://data.carnegiehall.org/names/127909","Ramiro Cortés"
"http://data.carnegiehall.org/names/62633","K. D. Lang"
"http://data.carnegiehall.org/names/53264","Alexandre Tansman"
"http://data.carnegiehall.org/names/53028","Willie Johnson"
"http://data.carnegiehall.org/names/76582","Herbert Goode"
"http://data.carnegiehall.org/names/15996","Simon Rowland-Jones"
"http://data.carnegiehall.org/names/13191","Edward Ritt"
"http://data.carnegiehall.org/names/63875","Mabel Rippel"
"http://data.carnegiehall.org/names/85808","Punch Brothers"
"http://data.carnegiehall.org/names/7631","Edith Lorand"
"http://data.carnegiehall.org/names/77437","Johannes Lauer"
"http://data.carnegiehall.org/names/56991","Calvin Custer"
"http://data.carnegiehall.org/names/25448","Roy Hargrove"
"http://data.carnegiehall.org/names/47140","Heitor Villa-Lobos"
"http://data.carnegiehall.org/names/14815","Ornette Coleman"
"http://data.carnegiehall.org/names/39576","Phillip Johnston"
"http://data.carnegiehall.org/names/89141","Charlie Bisharat"
"http://data.carnegiehall.org/names/12058","Elizabeth Vecchione"
"http://data.carnegiehall.org/names/126572","Quenton Xavier Blache"
"http://data.carnegiehall.org/names/102878","Pablo Milanés"
"http://data.carnegiehall.org/names/36670","Leo Kopf"
"http://data.carnegiehall.org/names/67460","Mack Wilberg"
"http://data.carnegiehall.org/names/19508","Michael Jackson"
"http://data.carnegiehall.org/names/96868","Paul Mealor"
"http://data.carnegiehall.org/names/98443","Cornell Kinderknecht"
"http://data.carnegiehall.org/names/127385","Donald Lawrence"
"http://data.carnegiehall.org/names/101314","Tara Kamangar"
"http://data.carnegiehall.org/names/8546","Thomas Sokoloff"
"http://data.carnegiehall.org/names/22554","David Tudor"
"http://data.carnegiehall.org/names/84088","Chapman Roberts"
"http://data.carnegiehall.org/names/83091","David Orlowsky"
"http://data.carnegiehall.org/names/132198","Aryan Palla"
"http://data.carnegiehall.org/names/12566","Eric Jacobsen"
"http://data.carnegiehall.org/names/70039","James Bassi"
"http://data.carnegiehall.org/names/33867","Patrick J. Burns"
"http://data.carnegiehall.org/names/126164","Faraj Abyad"
"http://data.carnegiehall.org/names/23670","La Monte Young"
"http://data.carnegiehall.org/names/21000","Eugene Minor"
"http://data.carnegiehall.org/names/37072","Elizabeth Brown"
"http://data.carnegiehall.org/names/101540","Arsentiy Kharitonov"
"http://data.carnegiehall.org/names/79478","Bruno Hoffmann"
"http://data.carnegiehall.org/names/39524","Béla Bartók"
"http://data.carnegiehall.org/names/11910","Kosti Vehanen"
"http://data.carnegiehall.org/names/99225","Olga Von Olzen"
"http://data.carnegiehall.org/names/47750","Victor Kuzdo"
"http://data.carnegiehall.org/names/106756","Nicolas Boulerice"
"http://data.carnegiehall.org/names/1912","Zoltan Teszleri"
"http://data.carnegiehall.org/names/27787","Allen Toussaint"
"http://data.carnegiehall.org/names/33623","Justi Barreto"
"http://data.carnegiehall.org/names/10128","Steve Kuhn"
"http://data.carnegiehall.org/names/30297","James Taylor"
"http://data.carnegiehall.org/names/130044","Ben Walther"
"http://data.carnegiehall.org/names/56672","Orton Bradley"
"http://data.carnegiehall.org/names/120740","Tony Markellis"
"http://data.carnegiehall.org/names/37970","Kirk Nurock"
"http://data.carnegiehall.org/names/62206","Larry Bell"
"http://data.carnegiehall.org/names/41901","Mark Kyrkostas"
"http://data.carnegiehall.org/names/77673","[first name unknown] Cardillo"
"http://data.carnegiehall.org/names/1334","George W. Morgan"
"http://data.carnegiehall.org/names/69854","David Mulovhedzi"
"http://data.carnegiehall.org/names/118265","Kevin T. Padworski"
"http://data.carnegiehall.org/names/131562","Michael Bojesen"
"http://data.carnegiehall.org/names/104685","James Douglas Campbell"
"http://data.carnegiehall.org/names/1690","Ignacy Jan Paderewski"
"http://data.carnegiehall.org/names/13884","David Zacharin"
"http://data.carnegiehall.org/names/88946","David Gomez Callados"
"http://data.carnegiehall.org/names/112946","Aaron Whitby"
"http://data.carnegiehall.org/names/96739","Sebastian Chirol"
"http://data.carnegiehall.org/names/128676","Emerson Meyers"
"http://data.carnegiehall.org/names/92540","Matthias Krüger"
"http://data.carnegiehall.org/names/39510","Christopher D'Andrea"
"http://data.carnegiehall.org/names/14944","Franz von Vecsey"
"http://data.carnegiehall.org/names/65787","Horatio Parker"
"http://data.carnegiehall.org/names/60631","Ron Mazurek"
"http://data.carnegiehall.org/names/32809","Ike Turner"
"http://data.carnegiehall.org/names/28615","Tim Rescala"
"http://data.carnegiehall.org/names/13290","Yayoi Ikawa"
"http://data.carnegiehall.org/names/116040","Joey Alexander"
"http://data.carnegiehall.org/names/18527","Erik Lundborg"
"http://data.carnegiehall.org/names/72172","Noreia Mueckay-Carlier"
"http://data.carnegiehall.org/names/42704","James Mulholland"
"http://data.carnegiehall.org/names/71035","Rodney Jordan"
"http://data.carnegiehall.org/names/62071","Patricia Barber"
"http://data.carnegiehall.org/names/33900","Phil Coulter"
"http://data.carnegiehall.org/names/47939","Konstantin Petrossian"
"http://data.carnegiehall.org/names/53144","Abdullah Ibrahim"
"http://data.carnegiehall.org/names/84772","Matti Kovler"
"http://data.carnegiehall.org/names/127157","Daryl Hall"
"http://data.carnegiehall.org/names/91539","Tyler Wottrich"
"http://data.carnegiehall.org/names/52102","R. James Whipple"
"http://data.carnegiehall.org/names/108290","Parker Millsap"
"http://data.carnegiehall.org/names/119725","Paul Jackson"
"http://data.carnegiehall.org/names/3183","Julian Huarte"
"http://data.carnegiehall.org/names/41390","Margareta Jalkeus"
"http://data.carnegiehall.org/names/129298","Jimmy De Martini"
"http://data.carnegiehall.org/names/29659","David Stock"
"http://data.carnegiehall.org/names/45225","Joseph Jarman"
"http://data.carnegiehall.org/names/92904","Yangmintian Zhao"
"http://data.carnegiehall.org/names/115472","Grant Maloy Smith"
"http://data.carnegiehall.org/names/130294","Andrew Maxfield"
"http://data.carnegiehall.org/names/25636","Linda Spevacek"
"http://data.carnegiehall.org/names/57697","Leonard Bernstein"
"http://data.carnegiehall.org/names/118320","Christer Løvold"
"http://data.carnegiehall.org/names/10546","Kenneth M. Murchison"
"http://data.carnegiehall.org/names/22842","George Enescu"
"http://data.carnegiehall.org/names/13576","Carlos Chávez"
"http://data.carnegiehall.org/names/111532","Wadleigh High School Choir"
"http://data.carnegiehall.org/names/29014","Alexander Tamir"
"http://data.carnegiehall.org/names/66439","Donald St. Pierre"
"http://data.carnegiehall.org/names/7439","Bruce Woodley"
"http://data.carnegiehall.org/names/16091","Manny Katz"
"http://data.carnegiehall.org/names/60577","Matthew Sullivan"
"http://data.carnegiehall.org/names/114534","Marko Djordjevic"
"http://data.carnegiehall.org/names/13489","Black Heat"
"http://data.carnegiehall.org/names/24399","Colin Jacobsen"
"http://data.carnegiehall.org/names/76653","Vittorio Giannini"
"http://data.carnegiehall.org/names/112359","Christopher Maunu"
"http://data.carnegiehall.org/names/36853","Valerie Capers"
"http://data.carnegiehall.org/names/33189","Enrico M. Scognamillo"
"http://data.carnegiehall.org/names/11642","Jerome Cooper"
"http://data.carnegiehall.org/names/4689","Peter Allen"
"http://data.carnegiehall.org/names/123362","Stephen Addiss"
"http://data.carnegiehall.org/names/121974","Danny Gokey"
"http://data.carnegiehall.org/names/32470","Bill Withers"
"http://data.carnegiehall.org/names/60751","Timmie Rogers"
"http://data.carnegiehall.org/names/25738","Brownie McGhee"
"http://data.carnegiehall.org/names/66660","Nettie Arthur Brown"
"http://data.carnegiehall.org/names/17860","Mercer Ellington"
"http://data.carnegiehall.org/names/39082","Philip Catelinet"
"http://data.carnegiehall.org/names/55593","Ryoko Moriyama"
"http://data.carnegiehall.org/names/108000","Elliot Cole"
"http://data.carnegiehall.org/names/22331","Moriz Rosenthal"
"http://data.carnegiehall.org/names/104979","Aiden Ng"
"http://data.carnegiehall.org/names/72862","Andy Teirstein"
"http://data.carnegiehall.org/names/60426","Ludwig Baumann"
"http://data.carnegiehall.org/names/12258","G. Wright Briggs"
"http://data.carnegiehall.org/names/106097","Sung Kyun Kim"
"http://data.carnegiehall.org/names/127282","Leti Garza"
"http://data.carnegiehall.org/names/84602","Cheyenne Jackson"
"http://data.carnegiehall.org/names/116043","Theo Croker"
"http://data.carnegiehall.org/names/65986","Meredith Monk"
"http://data.carnegiehall.org/names/51223","Charles Wakefield Cadman"
"http://data.carnegiehall.org/names/22639","Tan Dun"
"http://data.carnegiehall.org/names/30784","Isidor Achron"
"http://data.carnegiehall.org/names/62593","George Cables"
"http://data.carnegiehall.org/names/13609","Jacob Davidson"
"http://data.carnegiehall.org/names/49299","E. R. Caldwell"
"http://data.carnegiehall.org/names/58426","David Van Vactor"
"http://data.carnegiehall.org/names/126252","Thelma Johnson Streat"
"http://data.carnegiehall.org/names/11037","Nicolas Rodriguez"
"http://data.carnegiehall.org/names/44715","Vladimir Horowitz"
"http://data.carnegiehall.org/names/99471","Zenkyu"
"http://data.carnegiehall.org/names/68996","Sam Phillips"
"http://data.carnegiehall.org/names/84986","Vlada Tomova"
"http://data.carnegiehall.org/names/35218","Josef Bonime"
"http://data.carnegiehall.org/names/58718","Victor De Sabata"
"http://data.carnegiehall.org/names/73280","Mikael Nellborn"
"http://data.carnegiehall.org/names/86723","Regina Spektor"
"http://data.carnegiehall.org/names/24368","Fela Sowande"
"http://data.carnegiehall.org/names/101481","Uno Alexander Vesje"
"http://data.carnegiehall.org/names/114923","Gabriela Montero"
"http://data.carnegiehall.org/names/31424","Stavros Xarhakos"
"http://data.carnegiehall.org/names/16507","Lois Albright"
"http://data.carnegiehall.org/names/92176","Doug Balliett"
"http://data.carnegiehall.org/names/40967","Peter Aldins"
"http://data.carnegiehall.org/names/56132","Anton Bilotti"
"http://data.carnegiehall.org/names/49564","Wally Harper"
"http://data.carnegiehall.org/names/128271","Mei-Chen Liu"
"http://data.carnegiehall.org/names/80052","John Brancy"
"http://data.carnegiehall.org/names/86406","Eric Shimelonis"
"http://data.carnegiehall.org/names/107640","Stella Stocker"
"http://data.carnegiehall.org/names/2022","Wynton Marsalis"
"http://data.carnegiehall.org/names/40113","Tom (Thomas Jefferson) Scott"
"http://data.carnegiehall.org/names/8286","Tracy Chapman"
"http://data.carnegiehall.org/names/86202","Gustavo ""Chacho"" Schartz"
"http://data.carnegiehall.org/names/79636","Kamala Sankaram"
"http://data.carnegiehall.org/names/37428","Alois Reiser"
"http://data.carnegiehall.org/names/127382","Erica Campbell"
"http://data.carnegiehall.org/names/94113","yMusic"
"http://data.carnegiehall.org/names/106744","Aynsley Powell"
"http://data.carnegiehall.org/names/58240","Jonathan Elkus"
"http://data.carnegiehall.org/names/29339","Fusako Yoshida"
"http://data.carnegiehall.org/names/44008","Luise Vosgerchian"
"http://data.carnegiehall.org/names/13322","Myron Korykora"
"http://data.carnegiehall.org/names/75377","Stefan Meylaers"
"http://data.carnegiehall.org/names/36708","Hazel Scott"
"http://data.carnegiehall.org/names/2773","Gustave Ferrari"
"http://data.carnegiehall.org/names/102330","Romano Musumarra"
"http://data.carnegiehall.org/names/5159","Fazil Say"
"http://data.carnegiehall.org/names/23186","John LaPorta"
"http://data.carnegiehall.org/names/5618","Michael Philip Mossman"
"http://data.carnegiehall.org/names/52813","Raoul Querze"
"http://data.carnegiehall.org/names/51647","Matthew Tangel"
"http://data.carnegiehall.org/names/2116","Aldo Franchetti"
"http://data.carnegiehall.org/names/92197","Marianne Faithfull"
"http://data.carnegiehall.org/names/41233","Clark Terry"
"http://data.carnegiehall.org/names/42894","Karel Husa"
"http://data.carnegiehall.org/names/26170","Felix Salmond"
"http://data.carnegiehall.org/names/73765","Pete Malinverni"
"http://data.carnegiehall.org/names/93828","Ray LaMontagne"
"http://data.carnegiehall.org/names/73524","Kinan Azmeh"
"http://data.carnegiehall.org/names/15295","Myron Jacobson"
"http://data.carnegiehall.org/names/88624","Philippe Bertaud"
"http://data.carnegiehall.org/names/33283","Bill Elliott"
"http://data.carnegiehall.org/names/64315","Henri Pensis"
"http://data.carnegiehall.org/names/130474","Tracy Wong"
"http://data.carnegiehall.org/names/6340","Coleman Hawkins"
"http://data.carnegiehall.org/names/64282","Andrew Lippa"
"http://data.carnegiehall.org/names/43130","William Grant Still"
"http://data.carnegiehall.org/names/52673","Lubomir Georgiev"
"http://data.carnegiehall.org/names/56288","Anis Fuleihan"
"http://data.carnegiehall.org/names/39744","Peder Karlsson"
"http://data.carnegiehall.org/names/26650","Lucie Robert"
"http://data.carnegiehall.org/names/35119","Max Pirani"
"http://data.carnegiehall.org/names/37239","Richard Rodgers"
"http://data.carnegiehall.org/names/84569","Denis DiBlasio"
"http://data.carnegiehall.org/names/62183","Steven Stucky"
"http://data.carnegiehall.org/names/34828","Stanley Babin"
"http://data.carnegiehall.org/names/112979","Oded Lev-Ari"
"http://data.carnegiehall.org/names/131790","Katherine Hoover"
"http://data.carnegiehall.org/names/8234","Robert Phillips"
"http://data.carnegiehall.org/names/30450","Johnny Dorelli"
"http://data.carnegiehall.org/names/15412","G.O. Hornberger"
"http://data.carnegiehall.org/names/46686","Mark Alvarado"
"http://data.carnegiehall.org/names/65443","Daniel Gregory Mason"
"http://data.carnegiehall.org/names/44125","Vally Weigl"
"http://data.carnegiehall.org/names/113792","Ned Rothenberg"
"http://data.carnegiehall.org/names/130599","Stephen Caldwell"
"http://data.carnegiehall.org/names/131310","Billy Martin"
"http://data.carnegiehall.org/names/74088","Lanny Meyers"
"http://data.carnegiehall.org/names/76803","Duke Pearson"
"http://data.carnegiehall.org/names/2530","Jakob Gimpel"
"http://data.carnegiehall.org/names/114458","Yotam Ben-Or"
"http://data.carnegiehall.org/names/128345","Paul Ramsier"
"http://data.carnegiehall.org/names/128480","Donald Waxman"
"http://data.carnegiehall.org/names/126752","Edwin Guevara Gutiérrez"
"http://data.carnegiehall.org/names/19758","Frederick J. Axman"
"http://data.carnegiehall.org/names/98695","Isaac Nemiroff"
"http://data.carnegiehall.org/names/112701","Elio Villafranca"
"http://data.carnegiehall.org/names/68826","Dinuk Wijeratne"
"http://data.carnegiehall.org/names/33934","Gene Pitney"
"http://data.carnegiehall.org/names/46328","Ruben Varga"
"http://data.carnegiehall.org/names/40192","Merle Travis"
"http://data.carnegiehall.org/names/62016","Michael R. Gagliardo"
"http://data.carnegiehall.org/names/36488","Rudolf Forst"
"http://data.carnegiehall.org/names/96760","Andrew Craig"
"http://data.carnegiehall.org/names/121442","Mark Hoppus"
"http://data.carnegiehall.org/names/65857","Ernest T. Carter"
"http://data.carnegiehall.org/names/76658","Lillian Hasmiller"
"http://data.carnegiehall.org/names/86783","Karl Jenkins"
"http://data.carnegiehall.org/names/62174","Ion Ionescu"
"http://data.carnegiehall.org/names/91101","Jason Mraz"
"http://data.carnegiehall.org/names/59015","John Harle"
"http://data.carnegiehall.org/names/116091","Lionel Yu"
"http://data.carnegiehall.org/names/43795","Richard Donovan"
"http://data.carnegiehall.org/names/75717","John Jarvis"
"http://data.carnegiehall.org/names/11538","Herman Sandby"
"http://data.carnegiehall.org/names/53636","Frank La Forge"
"http://data.carnegiehall.org/names/99635","Mark Hall"
"http://data.carnegiehall.org/names/30547","Salvatore Adamo"
"http://data.carnegiehall.org/names/53441","Sever Tipei"
"http://data.carnegiehall.org/names/43967","Jim Papoulis"
"http://data.carnegiehall.org/names/45740","Italo Montemezzi"
"http://data.carnegiehall.org/names/71782","Freda Gronowetter"
"http://data.carnegiehall.org/names/21966","David Amram"
"http://data.carnegiehall.org/names/69098","Joseph Schwantner"
"http://data.carnegiehall.org/names/130504","Ted Dwane"
"http://data.carnegiehall.org/names/121444","Justin Timberlake"
"http://data.carnegiehall.org/names/128942","John Watts"
"http://data.carnegiehall.org/names/46424","André Kostelanetz"
"http://data.carnegiehall.org/names/9572","Thomas Wilfred"
"http://data.carnegiehall.org/names/77971","Timothy Nishimoto"
"http://data.carnegiehall.org/names/132648","Janis Medinš"
"http://data.carnegiehall.org/names/128484","Knut Nystedt"
"http://data.carnegiehall.org/names/59267","Joseph Cherniavsky"
"http://data.carnegiehall.org/names/91844","Cora L. Jackson"
"http://data.carnegiehall.org/names/15037","Manuel Quiroga"
"http://data.carnegiehall.org/names/30114","Leo Braun"
"http://data.carnegiehall.org/names/50513","Jacob Druckman"
"http://data.carnegiehall.org/names/64558","Howard Patterson"
"http://data.carnegiehall.org/names/127939","Doug Fieger"
"http://data.carnegiehall.org/names/73319","Edwin Penhorwood"
"http://data.carnegiehall.org/names/93255","James A. Leyden"
"http://data.carnegiehall.org/names/6593","John Lessard"
"http://data.carnegiehall.org/names/94120","Kate Soper"
"http://data.carnegiehall.org/names/67879","Cem Duruöz"
"http://data.carnegiehall.org/names/39428","Moissaye Boguslawski"
"http://data.carnegiehall.org/names/44381","Jerome Richardson"
"http://data.carnegiehall.org/names/3992","Simeon Bellison"
"http://data.carnegiehall.org/names/1868","Paul Liljestrand"
"http://data.carnegiehall.org/names/8901","Chris Washburne"
"http://data.carnegiehall.org/names/83458","Chong Lim"
"http://data.carnegiehall.org/names/132090","Charles Whittenberg"
"http://data.carnegiehall.org/names/22806","John Philip Sousa"
"http://data.carnegiehall.org/names/118867","Stéphane Landry"
"http://data.carnegiehall.org/names/111102","Olivier Glissant"
"http://data.carnegiehall.org/names/71461","Bill Buchen"
"http://data.carnegiehall.org/names/131084","Micaco Honya"
"http://data.carnegiehall.org/names/120235","Nasu Asaco"
"http://data.carnegiehall.org/names/126498","Norman Thibodeau"
"http://data.carnegiehall.org/names/88464","Demetrius Spaneas"
"http://data.carnegiehall.org/names/131356","Perry Holbrook"
"http://data.carnegiehall.org/names/132525","Aleksandra Vrebalov"
"http://data.carnegiehall.org/names/3569","Ernest Neyer"
"http://data.carnegiehall.org/names/114640","Carla Bley"
"http://data.carnegiehall.org/names/15835","Victor Herbert"
"http://data.carnegiehall.org/names/3489","Key Poulan"
"http://data.carnegiehall.org/names/59159","Hermann Spielter"
"http://data.carnegiehall.org/names/129984","Olga Cerpa"
"http://data.carnegiehall.org/names/79866","Motion Trio"
"http://data.carnegiehall.org/names/70712","Wesley Sontag"
"http://data.carnegiehall.org/names/70322","Miroslav Vitous"
"http://data.carnegiehall.org/names/85113","Phil Preddice"
"http://data.carnegiehall.org/names/6033","Claude Bolling"
"http://data.carnegiehall.org/names/78938","Jennifer Walshe"
"http://data.carnegiehall.org/names/105040","Michael D. Blostein"
"http://data.carnegiehall.org/names/36788","Ernesto De Curtis"
"http://data.carnegiehall.org/names/55666","Bernard Garfield"
"http://data.carnegiehall.org/names/125703","John Hiatt"
"http://data.carnegiehall.org/names/779","Irving Berlin"
"http://data.carnegiehall.org/names/25688","Kurt Leimer"
"http://data.carnegiehall.org/names/121309","Pardy Minassian"
"http://data.carnegiehall.org/names/119398","Kool & the Gang"
"http://data.carnegiehall.org/names/15504","Israel Schorr"
"http://data.carnegiehall.org/names/10665","Steven Galante"
"http://data.carnegiehall.org/names/30913","Kenneth Bichel"
"http://data.carnegiehall.org/names/5847","John Cheshire"
"http://data.carnegiehall.org/names/99476","Edgar Abraham"
"http://data.carnegiehall.org/names/6602","Lyle Mays"
"http://data.carnegiehall.org/names/57433","Alvin Brehm"
"http://data.carnegiehall.org/names/121976","Chip Davis"
"http://data.carnegiehall.org/names/60802","Rubin Goldmark"
"http://data.carnegiehall.org/names/57199","Kenneth Fricker"
"http://data.carnegiehall.org/names/81820","André Messager"
"http://data.carnegiehall.org/names/36160","Oscar Ringwall"
"http://data.carnegiehall.org/names/26787","Ernesto Lecuona"
"http://data.carnegiehall.org/names/33742","Teo Macero"
"http://data.carnegiehall.org/names/34911","Steve Margoshes"
"http://data.carnegiehall.org/names/74173","Ed Lojeski"
"http://data.carnegiehall.org/names/60745","Paul Suits"
"http://data.carnegiehall.org/names/24488","Louis Gruenberg"
"http://data.carnegiehall.org/names/81261","Steven Reineke"
"http://data.carnegiehall.org/names/62932","Bill Cole"
"http://data.carnegiehall.org/names/21274","Fredric Myrow"
"http://data.carnegiehall.org/names/48061","Roland M. Carter"
"http://data.carnegiehall.org/names/73043","Bob Gaudio"
"http://data.carnegiehall.org/names/72478","Björk"
"http://data.carnegiehall.org/names/63046","George M. Cohan"
"http://data.carnegiehall.org/names/57805","Brian Hunter"
"http://data.carnegiehall.org/names/15013","Edward Brown"
"http://data.carnegiehall.org/names/111263","Emma Thompson-Haye"
"http://data.carnegiehall.org/names/26434","Peggy Lee"
"http://data.carnegiehall.org/names/1860","Eric Andersen"
"http://data.carnegiehall.org/names/26373","Louis Armstrong"
"http://data.carnegiehall.org/names/46457","Ludwig Schwab"
"http://data.carnegiehall.org/names/28181","Dennis Bell"
"http://data.carnegiehall.org/names/56468","Emanuel Vardi"
"http://data.carnegiehall.org/names/42093","Irving Caesar"
"http://data.carnegiehall.org/names/122408","Sherif Mohie El Din"
"http://data.carnegiehall.org/names/105274","Marilyn Kind Currier"
"http://data.carnegiehall.org/names/39255","Joseph Ness"
"http://data.carnegiehall.org/names/64663","Bill Wagner"
"http://data.carnegiehall.org/names/109244","Andrew Waggoner"
"http://data.carnegiehall.org/names/129321","Zooey Deschanel"
"http://data.carnegiehall.org/names/114769","Aina Krein"
"http://data.carnegiehall.org/names/46589","Tian Jiang"
"http://data.carnegiehall.org/names/114425","Webster Lewis"
"http://data.carnegiehall.org/names/95197","John Legend"
"http://data.carnegiehall.org/names/83705","Peter Homans"
"http://data.carnegiehall.org/names/127084","Jesse Carmichael"
"http://data.carnegiehall.org/names/9378","Daniel Abreu"
"http://data.carnegiehall.org/names/17308","Neil Sedaka"
"http://data.carnegiehall.org/names/13060","John Clayton"
"http://data.carnegiehall.org/names/86894","Victor Gama"
"http://data.carnegiehall.org/names/82490","Hubert Doris"
"http://data.carnegiehall.org/names/127083","Ellie Goulding"
"http://data.carnegiehall.org/names/118694","Greg Holden"
"http://data.carnegiehall.org/names/62181","Harry Partch"
"http://data.carnegiehall.org/names/71446","Fabian Rummo"
"http://data.carnegiehall.org/names/114609","Gabriella Smith"
"http://data.carnegiehall.org/names/18169","John Eaton"
"http://data.carnegiehall.org/names/35864","Menios Manolitsakis"
"http://data.carnegiehall.org/names/85686","J.G. Thirlwell"
"http://data.carnegiehall.org/names/118194","Soul Science Lab"
"http://data.carnegiehall.org/names/94965","Travis J. Cross"
"http://data.carnegiehall.org/names/8460","Joe Ford"
"http://data.carnegiehall.org/names/126912","Peter Gordon"
"http://data.carnegiehall.org/names/35329","Scott Slapin"
"http://data.carnegiehall.org/names/85979","Sheldon Telesford"
"http://data.carnegiehall.org/names/13980","Dennis C. Anderson"
"http://data.carnegiehall.org/names/54148","Manuel Rosenthal"
"http://data.carnegiehall.org/names/719","Maurice Ravel"
"http://data.carnegiehall.org/names/16812","Sergei Lukin"
"http://data.carnegiehall.org/names/66003","Youssou N'Dour"
"http://data.carnegiehall.org/names/24847","Jule Styne"
"http://data.carnegiehall.org/names/124688","Skip Prokop"
"http://data.carnegiehall.org/names/51846","William Stickles"
"http://data.carnegiehall.org/names/129296","Clay Cook"
"http://data.carnegiehall.org/names/22458","Paul Phillips"
"http://data.carnegiehall.org/names/13577","Diana McIntosh"
"http://data.carnegiehall.org/names/39569","Christoph Campestrini"
"http://data.carnegiehall.org/names/35328","Albert Stoessel"
"http://data.carnegiehall.org/names/17838","Frederick William Schlieder"
"http://data.carnegiehall.org/names/93592","Chao-Giang Thi Nguyen"
"http://data.carnegiehall.org/names/2591","Malcolm Dalglish"
"http://data.carnegiehall.org/names/7911","Joshua Wieder"
"http://data.carnegiehall.org/names/64230","Ray Davies"
"http://data.carnegiehall.org/names/79371","Babbie Mason"
"http://data.carnegiehall.org/names/16593","Chico Feitosa"
"http://data.carnegiehall.org/names/50124","Zoot Sims"
"http://data.carnegiehall.org/names/129007","Andrés Martín"
"http://data.carnegiehall.org/names/23332","Grover Washington Jr."
"http://data.carnegiehall.org/names/79869","Pawel Baranek"
"http://data.carnegiehall.org/names/53665","Hale Smith"
"http://data.carnegiehall.org/names/13221","Lewis Nielson"
"http://data.carnegiehall.org/names/745","George Crumb"
"http://data.carnegiehall.org/names/32537","Leo Rapiti"
"http://data.carnegiehall.org/names/101812","Dianne Goolkasian Rahbee"
"http://data.carnegiehall.org/names/5706","Donald Henriques"
"http://data.carnegiehall.org/names/58738","Jonathan Yen"
"http://data.carnegiehall.org/names/52031","John Barbirolli"
"http://data.carnegiehall.org/names/120724","Fernando Arroyo Lascurain"
"http://data.carnegiehall.org/names/106729","Steven Van Zandt"
"http://data.carnegiehall.org/names/76990","Stefan Freund"
"http://data.carnegiehall.org/names/11793","Paul Zeigler"
"http://data.carnegiehall.org/names/10320","Eva Jessye"
"http://data.carnegiehall.org/names/72850","Elizabeth Joy Roe"
"http://data.carnegiehall.org/names/5253","Jimmy McPartland"
"http://data.carnegiehall.org/names/127854","Justin Binek"
"http://data.carnegiehall.org/names/75011","Rebecca Martin"
"http://data.carnegiehall.org/names/42962","Dong Jin Kim"
"http://data.carnegiehall.org/names/127644","Agata Zubel"
"http://data.carnegiehall.org/names/38800","Makoto Ozone"
"http://data.carnegiehall.org/names/34212","Robert Elmore"
"http://data.carnegiehall.org/names/97353","Frank Havroy"
"http://data.carnegiehall.org/names/36049","Rubén Blades"
"http://data.carnegiehall.org/names/115035","Jian Shi"
"http://data.carnegiehall.org/names/17422","Eunice Katunda"
"http://data.carnegiehall.org/names/127281","Benjamin Lerner"
"http://data.carnegiehall.org/names/121447","Gracie Lawrence"
"http://data.carnegiehall.org/names/78292","Jack McDuff"
"http://data.carnegiehall.org/names/8184","Reuven Kosakoff"
"http://data.carnegiehall.org/names/109160","Jeannette Sorrell"
"http://data.carnegiehall.org/names/97523","Tal Weissman"
"http://data.carnegiehall.org/names/4967","William Bolcom"
"http://data.carnegiehall.org/names/4329","Salo H. Goldstone"
"http://data.carnegiehall.org/names/58869","Richard Rodney Bennett"
"http://data.carnegiehall.org/names/114084","Zach Gulaboff Davis"
"http://data.carnegiehall.org/names/126610","Jason Blynn"
"http://data.carnegiehall.org/names/56827","Claude Monteux"
"http://data.carnegiehall.org/names/69619","Brian Coughlin"
"http://data.carnegiehall.org/names/59965","David Reck"
"http://data.carnegiehall.org/names/112161","Anthony León"
"http://data.carnegiehall.org/names/74980","Yu Manabe"
"http://data.carnegiehall.org/names/110842","Graeme Steele Johnson"
"http://data.carnegiehall.org/names/42614","Uri Caine"
"http://data.carnegiehall.org/names/16149","Henry Holden Huss"
"http://data.carnegiehall.org/names/35015","Jeremy Baskin"
"http://data.carnegiehall.org/names/46379","Olaus Andreas Grøndahl"
"http://data.carnegiehall.org/names/41340","Victor Harris"
"http://data.carnegiehall.org/names/21708","Emilio Rivela"
"http://data.carnegiehall.org/names/88707","Janelle Monáe"
"http://data.carnegiehall.org/names/37626","Dick Gallagher"
"http://data.carnegiehall.org/names/62981","Megan Fogarty"
"http://data.carnegiehall.org/names/21779","Bruce Lazarus"
"http://data.carnegiehall.org/names/26951","Albert Mildenberg"
"http://data.carnegiehall.org/names/31323","Walter Henry Hall"
"http://data.carnegiehall.org/names/130475","Corey Payette"
"http://data.carnegiehall.org/names/2090","J. Kremer Neumann"
"http://data.carnegiehall.org/names/15400","Carmen Dragon"
"http://data.carnegiehall.org/names/31788","Carlton Cooley"
"http://data.carnegiehall.org/names/15661","Cyndi Lauper"
"http://data.carnegiehall.org/names/109672","Marie Incontrera"
"http://data.carnegiehall.org/names/98296","Narayanan Muralikrishnan"
"http://data.carnegiehall.org/names/54565","Donna Summer"
"http://data.carnegiehall.org/names/8463","Justine F. Chen"
"http://data.carnegiehall.org/names/60608","Joseph Rumshinsky"
"http://data.carnegiehall.org/names/68199","Tom Shipley"
"http://data.carnegiehall.org/names/91250","Karl Feininger"
"http://data.carnegiehall.org/names/86902","Kimmo Pohjonen"
"http://data.carnegiehall.org/names/63464","Marc Bolan"
"http://data.carnegiehall.org/names/72336","Jon Batiste"
"http://data.carnegiehall.org/names/15662","Tom Paxton"
"http://data.carnegiehall.org/names/102844","Mazz Swift"
"http://data.carnegiehall.org/names/105287","Eugene O'Brien"
"http://data.carnegiehall.org/names/18074","Randy Sandke"
"http://data.carnegiehall.org/names/60909","Willard Sektberg"
"http://data.carnegiehall.org/names/73327","Jonathan Newman"
"http://data.carnegiehall.org/names/124705","Keith Jollimore"
"http://data.carnegiehall.org/names/103917","Gerald Cohen"
"http://data.carnegiehall.org/names/87411","Claire Chase"
"http://data.carnegiehall.org/names/64037","Craig Hella Johnson"
"http://data.carnegiehall.org/names/85105","Greg Gilpin"
"http://data.carnegiehall.org/names/44178","Lionel Bart"
"http://data.carnegiehall.org/names/46987","David Kusevitzky"
"http://data.carnegiehall.org/names/36136","Fritz Kreisler"
"http://data.carnegiehall.org/names/38022","Aaron Jay Kernis"
"http://data.carnegiehall.org/names/27865","Francesco Fanciulli"
"http://data.carnegiehall.org/names/5348","John Cage"
"http://data.carnegiehall.org/names/67394","Carl Binhak"
"http://data.carnegiehall.org/names/32837","Israel Alter"
"http://data.carnegiehall.org/names/43784","Heikki Sarmanto"
"http://data.carnegiehall.org/names/56465","Wyclef Jean"
"http://data.carnegiehall.org/names/63785","Patrick S. Gilmore"
"http://data.carnegiehall.org/names/102537","Alex Boyé"
"http://data.carnegiehall.org/names/16627","Frank Bennett"
"http://data.carnegiehall.org/names/46000","Paul Eisler"
"http://data.carnegiehall.org/names/3458","Ronan Magill"
"http://data.carnegiehall.org/names/80484","Martin Grubinger"
"http://data.carnegiehall.org/names/10765","Ronnie Burrage"
"http://data.carnegiehall.org/names/45230","Herbert Haufrecht"
"http://data.carnegiehall.org/names/36071","Erich Itor Kahn"
"http://data.carnegiehall.org/names/20453","Charles D. Osborne"
"http://data.carnegiehall.org/names/1314","Gilberto Gil"
"http://data.carnegiehall.org/names/48540","Laura Kaminsky"
"http://data.carnegiehall.org/names/10585","Adam Unsworth"
"http://data.carnegiehall.org/names/81744","Timothy Mahr"
"http://data.carnegiehall.org/names/77977","Johnny Dynell"
"http://data.carnegiehall.org/names/39277","Ovidiu Marinescu"
"http://data.carnegiehall.org/names/98708","William T. Ames"
"http://data.carnegiehall.org/names/62801","George Beverly Shea"
"http://data.carnegiehall.org/names/15240","Ludwig Hess"
"http://data.carnegiehall.org/names/61909","Eddie Rabin"
"http://data.carnegiehall.org/names/86899","Hurdy-Gurdy"
"http://data.carnegiehall.org/names/41137","Leo Smit"
"http://data.carnegiehall.org/names/67623","Jeremy Flower"
"http://data.carnegiehall.org/names/89679","Quentin Kim"
"http://data.carnegiehall.org/names/128342","Charles Turner"
"http://data.carnegiehall.org/names/5893","Franco Mannino"
"http://data.carnegiehall.org/names/44126","Sam Raphling"
"http://data.carnegiehall.org/names/86896","Drew Daniel"
"http://data.carnegiehall.org/names/112110","Isaias Umali"
"http://data.carnegiehall.org/names/44575","Amy Rubin"
"http://data.carnegiehall.org/names/1063","Esa-Pekka Salonen"
"http://data.carnegiehall.org/names/79623","Dan Peck"
"http://data.carnegiehall.org/names/36849","[first name unknown] Mager"
"http://data.carnegiehall.org/names/98161","Mike Gordon"
"http://data.carnegiehall.org/names/8562","Shelly Berg"
"http://data.carnegiehall.org/names/24602","Eubie Blake"
"http://data.carnegiehall.org/names/98441","Satoshi Osawa"
"http://data.carnegiehall.org/names/66900","Henry Waller"
"http://data.carnegiehall.org/names/39135","Herbert L. Clarke"
"http://data.carnegiehall.org/names/2683","Stewart Wille"
"http://data.carnegiehall.org/names/42223","Vaughn De Leath"
"http://data.carnegiehall.org/names/57167","Martin Herman"
"http://data.carnegiehall.org/names/63858","Marina Arsenijevic"
"http://data.carnegiehall.org/names/87847","John Cooper"
"http://data.carnegiehall.org/names/77422","Nathan A. Langfitt"
"http://data.carnegiehall.org/names/29385","Dexter Gordon"
"http://data.carnegiehall.org/names/21124","Arthur Bergh"
"http://data.carnegiehall.org/names/104869","H. A. Schimmerling"
"http://data.carnegiehall.org/names/29536","Robert Muczynski"
"http://data.carnegiehall.org/names/87230","Martin Schulte"
"http://data.carnegiehall.org/names/130813","Derrick Skye"
"http://data.carnegiehall.org/names/79675","Priyanka Chatterjee"
"http://data.carnegiehall.org/names/30912","J. J. Cale"
"http://data.carnegiehall.org/names/13910","Greg Jasperse"
"http://data.carnegiehall.org/names/5333","Willie Nelson"
"http://data.carnegiehall.org/names/107924","Korine Fujiwara"
"http://data.carnegiehall.org/names/110723","Nat Yontarak"
"http://data.carnegiehall.org/names/53508","Claudio Vena"
"http://data.carnegiehall.org/names/56103","Leopold Syré"
"http://data.carnegiehall.org/names/106086","Eui Gu Hwang"
"http://data.carnegiehall.org/names/103258","Allan Bevan"
"http://data.carnegiehall.org/names/36837","Paul Angerer"
"http://data.carnegiehall.org/names/54458","Sidor Belarsky"
"http://data.carnegiehall.org/names/43867","Chester E. Whiting"
"http://data.carnegiehall.org/names/60268","Nicolas Kendall"
"http://data.carnegiehall.org/names/42797","Mose Allison"
"http://data.carnegiehall.org/names/96743","Forest Hills High School Students"
"http://data.carnegiehall.org/names/103179","Rossella Spinosa"
"http://data.carnegiehall.org/names/60153","James John Walker"
"http://data.carnegiehall.org/names/1212","F. Lorenz Smith"
"http://data.carnegiehall.org/names/22388","John Coltrane"
"http://data.carnegiehall.org/names/130499","The-Dream"
"http://data.carnegiehall.org/names/34875","Turner Layton"
"http://data.carnegiehall.org/names/51855","Marcelo Alejandro"
"http://data.carnegiehall.org/names/92532","Tokiko Kato"
"http://data.carnegiehall.org/names/43366","Ira D. Sankey"
"http://data.carnegiehall.org/names/68684","Big Mama Thornton"
"http://data.carnegiehall.org/names/102272","John Tavener"
"http://data.carnegiehall.org/names/92271","Melissa Krause"
"http://data.carnegiehall.org/names/63137","Ernie Burnett"
"http://data.carnegiehall.org/names/5319","David Burger"
"http://data.carnegiehall.org/names/10609","Russell Hartenberger"
"http://data.carnegiehall.org/names/56902","Nickolas Ashford"
"http://data.carnegiehall.org/names/42089","Felix Wolfes"
"http://data.carnegiehall.org/names/11824","Van Cliburn"
"http://data.carnegiehall.org/names/23179","Red Norvo"
"http://data.carnegiehall.org/names/1419","Carl H. Tollefsen"
"http://data.carnegiehall.org/names/128358","Darcy James Argue"
"http://data.carnegiehall.org/names/23886","Artie Shaw"
"http://data.carnegiehall.org/names/24215","Jim Croce"
"http://data.carnegiehall.org/names/71912","Marie Perez"
"http://data.carnegiehall.org/names/75090","Linda Bolding"
"http://data.carnegiehall.org/names/30034","Mary Lou Williams"
"http://data.carnegiehall.org/names/27167","Jay Rothman"
"http://data.carnegiehall.org/names/47331","Ralph McTell"
"http://data.carnegiehall.org/names/93185","Gus Edwards"
"http://data.carnegiehall.org/names/57423","Arnolds Sturms"
"http://data.carnegiehall.org/names/29916","Brad Cresswell"
"http://data.carnegiehall.org/names/118868","Benoit Bourque"
"http://data.carnegiehall.org/names/28532","Raoul Pugno"
"http://data.carnegiehall.org/names/2962","Sidney Tretick"
"http://data.carnegiehall.org/names/9083","Leopold Mannes"
"http://data.carnegiehall.org/names/126901","Alec Schumacker"
"http://data.carnegiehall.org/names/81363","Clarice Assad"
"http://data.carnegiehall.org/names/50159","Philip Glass"
"http://data.carnegiehall.org/names/42429","Adriano Ariani"
"http://data.carnegiehall.org/names/83936","Ingrid Michaelson"
"http://data.carnegiehall.org/names/76499","Enrique Soro"
"http://data.carnegiehall.org/names/107115","Michael Tseitlin"
"http://data.carnegiehall.org/names/79050","Bobby Spencer"
"http://data.carnegiehall.org/names/109302","Hasan Isakkut"
"http://data.carnegiehall.org/names/74747","Moisés Vivanco"
"http://data.carnegiehall.org/names/129961","Jennifer Jolley"
"http://data.carnegiehall.org/names/26681","Toots Thielemans"
"http://data.carnegiehall.org/names/24923","Itzhak Perlman"
"http://data.carnegiehall.org/names/62383","Jessica Meyer"
"http://data.carnegiehall.org/names/87689","Gilbert Nouno"
"http://data.carnegiehall.org/names/30110","Cesar Vuksic"
"http://data.carnegiehall.org/names/70704","John Craig Cooper"
"http://data.carnegiehall.org/names/34460","George Shearing"
"http://data.carnegiehall.org/names/39893","George F. Boyle"
"http://data.carnegiehall.org/names/95401","James Behr"
"http://data.carnegiehall.org/names/44446","Carlo De Filippis"
"http://data.carnegiehall.org/names/102907","Zong Li"
"http://data.carnegiehall.org/names/80758","Andy Firth"
"http://data.carnegiehall.org/names/92982","Jozef Dylewski"
"http://data.carnegiehall.org/names/62687","David Fulmer"
"http://data.carnegiehall.org/names/125745","Peter Schindler"
"http://data.carnegiehall.org/names/19941","Christopher Cross"
"http://data.carnegiehall.org/names/101493","Dudley Wilkinson"
"http://data.carnegiehall.org/names/14329","Albert Williams"
"http://data.carnegiehall.org/names/4623","Bert Shefter"
"http://data.carnegiehall.org/names/17799","Rocco Granata"
"http://data.carnegiehall.org/names/94978","Christina Kartsonakis-Bohn"
"http://data.carnegiehall.org/names/25000","Dominick Argento"
"http://data.carnegiehall.org/names/464","Jaroslav Kocian"
"http://data.carnegiehall.org/names/28917","Miki Kono"
"http://data.carnegiehall.org/names/35407","Jackson Browne"
"http://data.carnegiehall.org/names/49207","Fay Foster"
"http://data.carnegiehall.org/names/126803","Katahj Copley"
"http://data.carnegiehall.org/names/113624","Larissa Diachok"
"http://data.carnegiehall.org/names/90289","Alicia Keys"
"http://data.carnegiehall.org/names/59865","Samuel Loboda"
"http://data.carnegiehall.org/names/46437","Leo B. Eylar"
"http://data.carnegiehall.org/names/63662","Earl Bostic"
"http://data.carnegiehall.org/names/122308","Jlin"
"http://data.carnegiehall.org/names/20189","Virginia Luque"
"http://data.carnegiehall.org/names/53634","Estela Bringuer"
"http://data.carnegiehall.org/names/121512","Norman Zocher"
"http://data.carnegiehall.org/names/109318","Kevin Madison"
"http://data.carnegiehall.org/names/4275","Peter Zummo"
"http://data.carnegiehall.org/names/20385","Francisco Navarro"
"http://data.carnegiehall.org/names/67863","Pedro da Silva"
"http://data.carnegiehall.org/names/83642","Ruth Crawford Seeger"
"http://data.carnegiehall.org/names/12468","Igor Stravinsky"
"http://data.carnegiehall.org/names/69354","Roger Waters"
"http://data.carnegiehall.org/names/44095","Alois Trnka"
"http://data.carnegiehall.org/names/19749","Frank Wess"
"http://data.carnegiehall.org/names/37095","Jimmy Page"
"http://data.carnegiehall.org/names/96270","Hossein Behroozinia"
"http://data.carnegiehall.org/names/22360","Michael Troester"
"http://data.carnegiehall.org/names/2368","Gunther Schuller"
"http://data.carnegiehall.org/names/32500","Richard Hundley"
"http://data.carnegiehall.org/names/79451","Irving Mopper"
"http://data.carnegiehall.org/names/30283","Maud Morgan"
"http://data.carnegiehall.org/names/50207","Frederick Brumm"
"http://data.carnegiehall.org/names/24994","Franco De Marchis"
"http://data.carnegiehall.org/names/25049","Noel Da Costa"
"http://data.carnegiehall.org/names/117166","Adrian Chabla"
"http://data.carnegiehall.org/names/80284","David Wilborn"
"http://data.carnegiehall.org/names/124598","Jim McCarty"
"http://data.carnegiehall.org/names/84505","Pete McGuinness"
"http://data.carnegiehall.org/names/101950","Alexander Peskanov"
"http://data.carnegiehall.org/names/4050","Nilo Menendez"
"http://data.carnegiehall.org/names/52255","Jacob Schaefer"
"http://data.carnegiehall.org/names/6487","Christos Vrionides"
"http://data.carnegiehall.org/names/22902","Robert E. Clark"
"http://data.carnegiehall.org/names/36682","Billy Edd Wheeler"
"http://data.carnegiehall.org/names/55802","Don Gibson"
"http://data.carnegiehall.org/names/36749","C. Edward Hupton"
"http://data.carnegiehall.org/names/34311","Vasily Vasil'yevich Andreyev"
"http://data.carnegiehall.org/names/66611","Guy d' Hardelot"
"http://data.carnegiehall.org/names/52627","Nicholas L. Saslavsky"
"http://data.carnegiehall.org/names/113319","Fiona Apple"
"http://data.carnegiehall.org/names/35870","Robert Farnon"
"http://data.carnegiehall.org/names/34766","Hermann Hans Wetzler"
"http://data.carnegiehall.org/names/57195","Bruno Walter"
"http://data.carnegiehall.org/names/67723","James C. Barnes"
"http://data.carnegiehall.org/names/85851","Christopher Tin"
"http://data.carnegiehall.org/names/6388","Meyer Machtenberg"
"http://data.carnegiehall.org/names/130898","Daniel Sabzghabaei"
"http://data.carnegiehall.org/names/116104","Jeff Midkiff"
"http://data.carnegiehall.org/names/30431","Gordon Gottlieb"
"http://data.carnegiehall.org/names/101244","Manuel Tevar"
"http://data.carnegiehall.org/names/38033","Miles Davis"
"http://data.carnegiehall.org/names/12652","Morton Subotnick"
"http://data.carnegiehall.org/names/20898","Jay Hoggard"
"http://data.carnegiehall.org/names/117149","Brandon A. Boyd"
"http://data.carnegiehall.org/names/81941","Todd Parrish"
"http://data.carnegiehall.org/names/14284","James Keating"
"http://data.carnegiehall.org/names/20869","Al Kooper"
"http://data.carnegiehall.org/names/24756","Werner Josten"
"http://data.carnegiehall.org/names/132470","Martin Siegel"
"http://data.carnegiehall.org/names/101946","Della Tamin"
"http://data.carnegiehall.org/names/13194","Nancy Petterson Strelau"
"http://data.carnegiehall.org/names/28523","Joe Raposo"
"http://data.carnegiehall.org/names/39169","Howard Brockway"
"http://data.carnegiehall.org/names/85789","Bruce Vantine"
"http://data.carnegiehall.org/names/91662","Jorge Fernando"
"http://data.carnegiehall.org/names/76894","Aleksei Stevens"
"http://data.carnegiehall.org/names/93586","David Bryan"
"http://data.carnegiehall.org/names/4328","Buck Owens"
"http://data.carnegiehall.org/names/32927","Jose Luis Perales"
"http://data.carnegiehall.org/names/44688","Joe Tranchina"
"http://data.carnegiehall.org/names/39424","Weldon Wilber"
"http://data.carnegiehall.org/names/130497","Emily Warren"
"http://data.carnegiehall.org/names/27956","Oscar Platt"
"http://data.carnegiehall.org/names/104997","Tetsuya Imai"
"http://data.carnegiehall.org/names/3470","Aurelio Ceruelos"
"http://data.carnegiehall.org/names/125658","Richard Noera"
"http://data.carnegiehall.org/names/108979","Dwight Bigler"
"http://data.carnegiehall.org/names/131907","inti figgis-vizueta"
"http://data.carnegiehall.org/names/17058","Jimmy Owens"
"http://data.carnegiehall.org/names/119724","Bennie Maupin"
"http://data.carnegiehall.org/names/5946","Andrés Segovia"
"http://data.carnegiehall.org/names/67155","Melba Liston"
"http://data.carnegiehall.org/names/53229","Ilan Rechtman"
"http://data.carnegiehall.org/names/95590","Bob Cooper"
"http://data.carnegiehall.org/names/5942","Xi-Yi Xu"
"http://data.carnegiehall.org/names/38711","Rand Steiger"
"http://data.carnegiehall.org/names/8627","Howard A. Roberts"
"http://data.carnegiehall.org/names/4192","Thomas Z. Shepard"
"http://data.carnegiehall.org/names/61123","Pierre Luboshutz"
"http://data.carnegiehall.org/names/54036","Sandro Benelli"
"http://data.carnegiehall.org/names/104018","Christopher Rust"
"http://data.carnegiehall.org/names/77959","Robert Taylor"
"http://data.carnegiehall.org/names/89788","Paul Cantelon"
"http://data.carnegiehall.org/names/10766","Horace Silver"
"http://data.carnegiehall.org/names/101046","Lora Al-Ahmad"
"http://data.carnegiehall.org/names/53447","Helen Humes"
"http://data.carnegiehall.org/names/1730","Larysa Kuzmenko"
"http://data.carnegiehall.org/names/107183","Linder Chlarson"
"http://data.carnegiehall.org/names/54907","Marya Blazejewicz"
"http://data.carnegiehall.org/names/54217","Paul Halley"
"http://data.carnegiehall.org/names/52623","Erno Balogh"
"http://data.carnegiehall.org/names/56019","Wu Man"
"http://data.carnegiehall.org/names/39466","Steve Turre"
"http://data.carnegiehall.org/names/116878","Otto Frohlich"
"http://data.carnegiehall.org/names/35919","Jimmy Giuffre"
"http://data.carnegiehall.org/names/30080","John Williams"
"http://data.carnegiehall.org/names/1490","Fred Kepner"
"http://data.carnegiehall.org/names/37638","Arcady Dubensky"
"http://data.carnegiehall.org/names/67445","Chris Potter"
"http://data.carnegiehall.org/names/48568","John Bucchino"
"http://data.carnegiehall.org/names/97587","Lukas Pfeil"
"http://data.carnegiehall.org/names/30315","David Crosby"
"http://data.carnegiehall.org/names/12760","Willem Mengelberg"
"http://data.carnegiehall.org/names/11413","Vera Poppe"
"http://data.carnegiehall.org/names/124572","Andy Fraser"
"http://data.carnegiehall.org/names/66820","Ramiro Mazorra"
"http://data.carnegiehall.org/names/41468","Ismael Rivera"
"http://data.carnegiehall.org/names/24516","Stevenson Barrett"
"http://data.carnegiehall.org/names/129293","Zac Brown"
"http://data.carnegiehall.org/names/47938","Slava Grigoryan"
"http://data.carnegiehall.org/names/130079","Michael Colgrass"
"http://data.carnegiehall.org/names/91519","Robin Wolaver"
"http://data.carnegiehall.org/names/125908","Stephanie Alvarenga"
"http://data.carnegiehall.org/names/85284","Ziliang"
"http://data.carnegiehall.org/names/104532","Marvin V. Curtis"
"http://data.carnegiehall.org/names/15452","Eugenio Pirani"
"http://data.carnegiehall.org/names/5041","Antin Rudnytsky"
"http://data.carnegiehall.org/names/26638","Lionel Nowak"
"http://data.carnegiehall.org/names/49960","Eddie Marshall"
"http://data.carnegiehall.org/names/87535","Fred Hammond"
"http://data.carnegiehall.org/names/36881","Elliott Carter"
"http://data.carnegiehall.org/names/84201","Jonathan Newell"
"http://data.carnegiehall.org/names/1002289","Julian Aguirre"
"http://data.carnegiehall.org/names/1002290","Jean Sichler"
"http://data.carnegiehall.org/names/1002291","Brent Pierce"
"http://data.carnegiehall.org/names/1002292","Jacob Avshalomov"
"http://data.carnegiehall.org/names/1002293","Martin Luther"
"http://data.carnegiehall.org/names/1002294","Albert Glinsky"
"http://data.carnegiehall.org/names/1026586","Hannah Rice"
"http://data.carnegiehall.org/names/1026587","Niloufar Iravani"
"http://data.carnegiehall.org/names/1026588","Dan Schultz"
"http://data.carnegiehall.org/names/1026574","Ash Howes"
"http://data.carnegiehall.org/names/1026579","Makar Yekmalyan"
"http://data.carnegiehall.org/names/1026585","Violeta Parra"
"http://data.carnegiehall.org/names/1026562","Tomas Schmit"
"http://data.carnegiehall.org/names/1026564","Melissa Dunphy"
"http://data.carnegiehall.org/names/1026570","John Beck"
"http://data.carnegiehall.org/names/1026571","Steve Chrisanthou"
"http://data.carnegiehall.org/names/1026573","Richard Stannard"
"http://data.carnegiehall.org/names/1026549","Steve Sandberg"
"http://data.carnegiehall.org/names/1026550","Jon Grier"
"http://data.carnegiehall.org/names/1026558","Yuri Shevchenko"
"http://data.carnegiehall.org/names/1026560","Ben Vautier"
"http://data.carnegiehall.org/names/1026561","Anthony Cox"
"http://data.carnegiehall.org/names/1026530","Jan Krutul"
"http://data.carnegiehall.org/names/1026532","Jakub Neske"
"http://data.carnegiehall.org/names/1026538","Willard Straight"
"http://data.carnegiehall.org/names/1026526","Roman Hurko"
"http://data.carnegiehall.org/names/1026519","Orlando Murden"
"http://data.carnegiehall.org/names/1026506","Carol Brittin Chambers"
"http://data.carnegiehall.org/names/1026509","David Walker"
"http://data.carnegiehall.org/names/1026496","Carlos Eleta Almarán"
"http://data.carnegiehall.org/names/1026500","T. W. Kwami"
"http://data.carnegiehall.org/names/1026501","Vincent W. Carpenter"
"http://data.carnegiehall.org/names/1026502","Mbuso Ndlovu"
"http://data.carnegiehall.org/names/1026488","Han-Tze Chin"
"http://data.carnegiehall.org/names/1026489","Leonel Power"
"http://data.carnegiehall.org/names/1026495","Elpidio Ramírez"
"http://data.carnegiehall.org/names/1026478","Arnold Ingram"
"http://data.carnegiehall.org/names/1026484","André Tanker"
"http://data.carnegiehall.org/names/1026485","Coley Jones"
"http://data.carnegiehall.org/names/1026477","Marvin Willis"
"http://data.carnegiehall.org/names/1026461","Pete Harper"
"http://data.carnegiehall.org/names/1026466","Robert Cook"
"http://data.carnegiehall.org/names/1026467","Lionel Rand"
"http://data.carnegiehall.org/names/1026450","Allen Pate"
"http://data.carnegiehall.org/names/1026459","Chris Kauffold"
"http://data.carnegiehall.org/names/1026445","Chengren Bai"
"http://data.carnegiehall.org/names/1026436","Roy Rodde"
"http://data.carnegiehall.org/names/1026437","Luther King Laney"
"http://data.carnegiehall.org/names/1026439","A. Calitri"
"http://data.carnegiehall.org/names/1026440","Joshua Groffman"
"http://data.carnegiehall.org/names/1026434","Xiao Bao He"
"http://data.carnegiehall.org/names/1026435","Frank Lavere"
"http://data.carnegiehall.org/names/1026416","Dave Barbour"
"http://data.carnegiehall.org/names/1026417","Bill Schluger"
"http://data.carnegiehall.org/names/1026419","Paul Horner"
"http://data.carnegiehall.org/names/1026421","Maciej Balenkowski"
"http://data.carnegiehall.org/names/1026406","William Kernell"
"http://data.carnegiehall.org/names/1026401","T. Wilkinson Stephenson"
"http://data.carnegiehall.org/names/1026402","Grover Tilden Davis"
"http://data.carnegiehall.org/names/1026403","Vivian Burnett"
"http://data.carnegiehall.org/names/1026404","Lawrence Abbott"
"http://data.carnegiehall.org/names/1026405","Frederick Drummond"
"http://data.carnegiehall.org/names/1026390","D"
"http://data.carnegiehall.org/names/1026394","Roberto Valera"
"http://data.carnegiehall.org/names/1026398","Eurydice V. Osterman"
"http://data.carnegiehall.org/names/1026399","Walter Buczynski"
"http://data.carnegiehall.org/names/1026381","Anthony Donato"
"http://data.carnegiehall.org/names/1026382","Ernest Waxman"
"http://data.carnegiehall.org/names/1026384","Jennifer Post"
"http://data.carnegiehall.org/names/1026385","Randall McClellan"
"http://data.carnegiehall.org/names/1026347","Hélène de Montgeroult"
"http://data.carnegiehall.org/names/1026348","Yi Zhou"
"http://data.carnegiehall.org/names/1026344","Melesio Morales"
"http://data.carnegiehall.org/names/1026329","Mitsuto Suzuki"
"http://data.carnegiehall.org/names/1026323","Armando Gill"
"http://data.carnegiehall.org/names/1026328","Masashi Hamauzu"
"http://data.carnegiehall.org/names/1026316","Claude Terrasse"
"http://data.carnegiehall.org/names/1026302","Nadine McKinnor"
"http://data.carnegiehall.org/names/1026306","Gladys Pitcher"
"http://data.carnegiehall.org/names/1026287","Najib Hankash"
"http://data.carnegiehall.org/names/1026277","Kyle Brenn"
"http://data.carnegiehall.org/names/1026267","Yannis Kyriakides"
"http://data.carnegiehall.org/names/1026268","Mary Jane Leach"
"http://data.carnegiehall.org/names/1026269","Rachel Portman"
"http://data.carnegiehall.org/names/1026273","Philip Parker"
"http://data.carnegiehall.org/names/1026275","Ashot Satian"
"http://data.carnegiehall.org/names/1026261","Edvard Fliflet Bræin"
"http://data.carnegiehall.org/names/1026262","Sharman Howe"
"http://data.carnegiehall.org/names/1026263","Alfred Nittoli"
"http://data.carnegiehall.org/names/1026265","Henry Mayer"
"http://data.carnegiehall.org/names/1026257","Amelia Rogers"
"http://data.carnegiehall.org/names/1026241","Michel Assael"
"http://data.carnegiehall.org/names/1026228","Patrick O'Malley"
"http://data.carnegiehall.org/names/1026230","Finger Soul"
"http://data.carnegiehall.org/names/1026220","Wynona Carr"
"http://data.carnegiehall.org/names/1026221","Elfrida Andrée"
"http://data.carnegiehall.org/names/1026222","Erica Porter"
"http://data.carnegiehall.org/names/1026226","Gerardo Metallo"
"http://data.carnegiehall.org/names/1026227","Merle Johnston"
"http://data.carnegiehall.org/names/1026204","Oskar Fetrás"
"http://data.carnegiehall.org/names/1026205","Andreas Leonhardt"
"http://data.carnegiehall.org/names/1026207","Kenneth Walton"
"http://data.carnegiehall.org/names/1026199","Josef Wolfgang Ziegler"
"http://data.carnegiehall.org/names/1026200","Karl Eisele"
"http://data.carnegiehall.org/names/1026201","Ludwig Gruber"
"http://data.carnegiehall.org/names/1026202","Franz Dostal"
"http://data.carnegiehall.org/names/1026192","Beatrice MacLaughlin"
"http://data.carnegiehall.org/names/1026193","Will Gay Bottje"
"http://data.carnegiehall.org/names/1026194","Earl Kelly"
"http://data.carnegiehall.org/names/1026195","Isidolo Angelo Figliolini"
"http://data.carnegiehall.org/names/1026177","Richard Nicholson"
"http://data.carnegiehall.org/names/1026182","Les Baxter"
"http://data.carnegiehall.org/names/1026184","Philip Warner"
"http://data.carnegiehall.org/names/1026187","Asaf Zeynally"
"http://data.carnegiehall.org/names/1026170","James Gore"
"http://data.carnegiehall.org/names/1026171","Wesley Wehr"
"http://data.carnegiehall.org/names/1026174","Yehuda Sharett"
"http://data.carnegiehall.org/names/1026175","Joy Guidry"
"http://data.carnegiehall.org/names/1026158","Daniel Catán"
"http://data.carnegiehall.org/names/1026164","Giles Earle"
"http://data.carnegiehall.org/names/1026166","William Corkine"
"http://data.carnegiehall.org/names/1026150","Aida Shirazi"
"http://data.carnegiehall.org/names/1026151","Sebastián Vergara"
"http://data.carnegiehall.org/names/1026153","Peter Ashbourne"
"http://data.carnegiehall.org/names/1026154","Aina Sandoval"
"http://data.carnegiehall.org/names/1026156","Eliodoro Ortiz de Zárate"
"http://data.carnegiehall.org/names/1026157","Sandra Caqueo"
"http://data.carnegiehall.org/names/1026143","Julie Zhu"
"http://data.carnegiehall.org/names/1026142","Krists Auznieks"
"http://data.carnegiehall.org/names/1026130","Ángel Mingote Lorente"
"http://data.carnegiehall.org/names/1026120","Walter Sear"
"http://data.carnegiehall.org/names/1026122","Susannah Armstrong Coleman"
"http://data.carnegiehall.org/names/1026114","Theodore Holland"
"http://data.carnegiehall.org/names/1026117","Raffaele Venticinque"
"http://data.carnegiehall.org/names/1026102","Mario Rosay"
"http://data.carnegiehall.org/names/1026109","Leyb Yampolsky"
"http://data.carnegiehall.org/names/1026092","Oswaldo de Souza"
"http://data.carnegiehall.org/names/1026093","Helza Camêu"
"http://data.carnegiehall.org/names/1026094","Babi de Oliveira"
"http://data.carnegiehall.org/names/1026085","Charles N. (Charles Neil) Daniels"
"http://data.carnegiehall.org/names/1026078","[first name unknown] Sitton"
"http://data.carnegiehall.org/names/1026081","J. Anton Dailey"
"http://data.carnegiehall.org/names/1026069","Laurentius Laurentii Laurinus"
"http://data.carnegiehall.org/names/1026064","Anna Newman"
"http://data.carnegiehall.org/names/1026066","[first name unknown] Zaira"
"http://data.carnegiehall.org/names/1026044","Jessica Hunt"
"http://data.carnegiehall.org/names/1026045","Ralph Dino"
"http://data.carnegiehall.org/names/1026046","John Sembello"
"http://data.carnegiehall.org/names/1026050","Jean Peacock"
"http://data.carnegiehall.org/names/1026035","Peppino Gagliardi"
"http://data.carnegiehall.org/names/1026037","Steve Gibb"
"http://data.carnegiehall.org/names/1026038","Beasley Smith"
"http://data.carnegiehall.org/names/1026028","Hans van Hemert"
"http://data.carnegiehall.org/names/1026031","Dallas Frazier"
"http://data.carnegiehall.org/names/1026032","Arthur Leo Owens"
"http://data.carnegiehall.org/names/1026033","Bill Owen"
"http://data.carnegiehall.org/names/1026019","Dick Heard"
"http://data.carnegiehall.org/names/1026020","Eddie Rabbitt"
"http://data.carnegiehall.org/names/1026025","Jud Strunk"
"http://data.carnegiehall.org/names/1026013","Ulises Cassinelli"
"http://data.carnegiehall.org/names/1026014","Clive Westlake"
"http://data.carnegiehall.org/names/1026016","Jimmy Krondes"
"http://data.carnegiehall.org/names/1026006","Bernard Miller"
"http://data.carnegiehall.org/names/1026007","Andy Stroud"
"http://data.carnegiehall.org/names/1026008","Terry Britten"
"http://data.carnegiehall.org/names/1026009","Graham Lyle"
"http://data.carnegiehall.org/names/1025996","Paula Matthusen"
"http://data.carnegiehall.org/names/1025997","Hannah Kendall"
"http://data.carnegiehall.org/names/1025999","[first name unknown] Swing"
"http://data.carnegiehall.org/names/1026000","[first name unknown] Keller"
"http://data.carnegiehall.org/names/1026002","Mike Chapman"
"http://data.carnegiehall.org/names/1025990","Carlos Simon"
"http://data.carnegiehall.org/names/1025991","Willis A. Diekema"
"http://data.carnegiehall.org/names/1025992","C. Tancredi Forneris"
"http://data.carnegiehall.org/names/1025993","L. Provera"
"http://data.carnegiehall.org/names/1025995","Cheryl Frances-Hoad"
"http://data.carnegiehall.org/names/1025984","Charlotte Beissert"
"http://data.carnegiehall.org/names/1025985","Ella Ketterer"
"http://data.carnegiehall.org/names/1025986","Onofrio Di Bella"
"http://data.carnegiehall.org/names/1025987","Edward White"
"http://data.carnegiehall.org/names/1025973","[first name unknown] Best"
"http://data.carnegiehall.org/names/1025975","G. Musitcheskoo"
"http://data.carnegiehall.org/names/1025977","Johann Andreas Amon"
"http://data.carnegiehall.org/names/1025967","George Marshall"
"http://data.carnegiehall.org/names/1025969","Albert H. Jakeway"
"http://data.carnegiehall.org/names/1025972","T. Palmer"
"http://data.carnegiehall.org/names/1025963","James V. Cockerham"
"http://data.carnegiehall.org/names/1025945","Jesús Estrada"
"http://data.carnegiehall.org/names/1025933","Jerry Merrick"
"http://data.carnegiehall.org/names/1025936","Mark Roth"
"http://data.carnegiehall.org/names/1025931","Tzipora Jochsberger"
"http://data.carnegiehall.org/names/1025932","Hanoch Jacoby"
"http://data.carnegiehall.org/names/1025920","Enzo De Bellis"
"http://data.carnegiehall.org/names/1025924","Lucius O'Brien"
"http://data.carnegiehall.org/names/1025914","Elinor Janson"
"http://data.carnegiehall.org/names/1025919","Krsto Odak"
"http://data.carnegiehall.org/names/1025912","John Francis Barnett"
"http://data.carnegiehall.org/names/1025895","Benny Meroff"
"http://data.carnegiehall.org/names/1025896","Hal Dyson"
"http://data.carnegiehall.org/names/1025898","Jessie L. Deppen"
"http://data.carnegiehall.org/names/1025900","Bing Crosby"
"http://data.carnegiehall.org/names/1023776","Carlos M. Lopez"
"http://data.carnegiehall.org/names/1023778","Rafi Kadishson"
"http://data.carnegiehall.org/names/1023779","Stephanie Mabey"
"http://data.carnegiehall.org/names/1023780","Omer Adam"
"http://data.carnegiehall.org/names/1023764","Avery Parrish"
"http://data.carnegiehall.org/names/1023765","Sammy Lowe"
"http://data.carnegiehall.org/names/1023767","Michael Gibbs"
"http://data.carnegiehall.org/names/1023768","Hugo Blanco"
"http://data.carnegiehall.org/names/1023771","Mike Levesque"
"http://data.carnegiehall.org/names/1023755","Sam Saltzberg"
"http://data.carnegiehall.org/names/1023757","Wandra Merrell"
"http://data.carnegiehall.org/names/1023758","Gelsomina Cariello"
"http://data.carnegiehall.org/names/1023748","Josef Fidelman"
"http://data.carnegiehall.org/names/1023750","John Fritz"
"http://data.carnegiehall.org/names/1023751","Ruth Morris Gray"
"http://data.carnegiehall.org/names/1023752","Sharon Farber"
"http://data.carnegiehall.org/names/1023754","Ray Allen"
"http://data.carnegiehall.org/names/1023740","Jayne Traynor Rose"
"http://data.carnegiehall.org/names/1023743","Joseph Vella"
"http://data.carnegiehall.org/names/1023744","Natalie Dietterich"
"http://data.carnegiehall.org/names/1023746","Menelaos Theofanides"
"http://data.carnegiehall.org/names/1023730","Jian Li"
"http://data.carnegiehall.org/names/1023732","Seok-Joo Ahn"
"http://data.carnegiehall.org/names/1023733","Byeong-Won Ahn"
"http://data.carnegiehall.org/names/1023736","N. Uchigaki"
"http://data.carnegiehall.org/names/1023724","Seok-Jung Yoon"
"http://data.carnegiehall.org/names/1023725","Tae-Hyun Park"
"http://data.carnegiehall.org/names/1023726","Kil-Sang Kwon"
"http://data.carnegiehall.org/names/1023727","Kye-Seok Lee"
"http://data.carnegiehall.org/names/1023728","Shin Park"
"http://data.carnegiehall.org/names/1023729","Dae Seok Choi"
"http://data.carnegiehall.org/names/1023718","Juan Carlos Calderón"
"http://data.carnegiehall.org/names/1023719","Tae-Sun Lee"
"http://data.carnegiehall.org/names/1023720","Ji-Young Yoo"
"http://data.carnegiehall.org/names/1023722","Kyung-Jong Park"
"http://data.carnegiehall.org/names/1023723","Won-Soo Lee"
"http://data.carnegiehall.org/names/1023715","Zhongshan Wang"
"http://data.carnegiehall.org/names/1023716","Jung-Eun Chae"
"http://data.carnegiehall.org/names/1023717","Tae-Soo Han"
"http://data.carnegiehall.org/names/1023704","Frankie Rodgers"
"http://data.carnegiehall.org/names/1023705","Josh Ritter"
"http://data.carnegiehall.org/names/1023710","Pedro Belisario Pérez"
"http://data.carnegiehall.org/names/1023694","Gail C. Bluestone"
"http://data.carnegiehall.org/names/1023698","Shawn E. Okpebholo"
"http://data.carnegiehall.org/names/1023702","Alan Kohan"
"http://data.carnegiehall.org/names/1023691","Maria Agata Szymanowska"
"http://data.carnegiehall.org/names/1023692","Stephen Bray"
"http://data.carnegiehall.org/names/1023683","Juri Seo"
"http://data.carnegiehall.org/names/1023674","Rudolf Karel"
"http://data.carnegiehall.org/names/1023671","Douglas Boyce"
"http://data.carnegiehall.org/names/1023660","Benjamin Wallfisch"
"http://data.carnegiehall.org/names/1023662","Tomás Méndez"
"http://data.carnegiehall.org/names/1023651","Yuri Kasparov"
"http://data.carnegiehall.org/names/1023652","Gabriel Beavers"
"http://data.carnegiehall.org/names/1023646","Fabio Vacchi"
"http://data.carnegiehall.org/names/1023647","Shu-Si Chen"
"http://data.carnegiehall.org/names/1023648","Wenjun Qu"
"http://data.carnegiehall.org/names/1023649","Kuang-Chih Cheng"
"http://data.carnegiehall.org/names/1023639","TJ Cole"
"http://data.carnegiehall.org/names/1023640","Paul Wiancko"
"http://data.carnegiehall.org/names/1023641","Ondrej Adámek"
"http://data.carnegiehall.org/names/1023642","Emily Cooley"
"http://data.carnegiehall.org/names/1023643","Sky Macklay"
"http://data.carnegiehall.org/names/1023644","Evan Williams"
"http://data.carnegiehall.org/names/1023632","Alyssa Morris"
"http://data.carnegiehall.org/names/1023638","Pamela Z"
"http://data.carnegiehall.org/names/1023620","P. A. Sehne"
"http://data.carnegiehall.org/names/1023621","Rodger Strader"
"http://data.carnegiehall.org/names/1023622","Sunae Seo"
"http://data.carnegiehall.org/names/1023623","Sung Hwan Cho"
"http://data.carnegiehall.org/names/1023610","James Kaye"
"http://data.carnegiehall.org/names/1023614","Bill Geldard"
"http://data.carnegiehall.org/names/1023603","Eric Jacob Arrhén von Kapfelman"
"http://data.carnegiehall.org/names/1023604","Ludvig Norman"
"http://data.carnegiehall.org/names/1023593","Wei Qu"
"http://data.carnegiehall.org/names/1023594","Zhongke Shi"
"http://data.carnegiehall.org/names/1023601","Ståle Kleiberg"
"http://data.carnegiehall.org/names/1023602","August Ferdinand Riccius"
"http://data.carnegiehall.org/names/1023579","Jianping Tang"
"http://data.carnegiehall.org/names/1023580","Wenchen Qin"
"http://data.carnegiehall.org/names/1023591","Jesse Sieff"
"http://data.carnegiehall.org/names/1023575","Martin Lohse"
"http://data.carnegiehall.org/names/1023576","Xinruo Chen"
"http://data.carnegiehall.org/names/1023577","Ping Chang"
"http://data.carnegiehall.org/names/1023578","Guoping Jia"
"http://data.carnegiehall.org/names/1023563","Jorge Caldara"
"http://data.carnegiehall.org/names/1023564","Mario Soto"
"http://data.carnegiehall.org/names/1023565","Sadettin Kaynak"
"http://data.carnegiehall.org/names/1023556","Niccolò Antonio Zingarelli"
"http://data.carnegiehall.org/names/1023542","Gregory Woolf"
"http://data.carnegiehall.org/names/1023543","Bruno Amato"
"http://data.carnegiehall.org/names/1023544","Don Malone"
"http://data.carnegiehall.org/names/1023529","Justin Davidson"
"http://data.carnegiehall.org/names/1023536","Michael Fine"
"http://data.carnegiehall.org/names/1023519","John Childs"
"http://data.carnegiehall.org/names/1023522","Eric Starr"
"http://data.carnegiehall.org/names/1023523","Caterina Assandra"
"http://data.carnegiehall.org/names/1023525","Vadim Petrov"
"http://data.carnegiehall.org/names/1023526","Andreas Carlsson"
"http://data.carnegiehall.org/names/1023528","Michael McCarty"
"http://data.carnegiehall.org/names/1023518","Jon Sutton"
"http://data.carnegiehall.org/names/1023504","Robby Shaffer"
"http://data.carnegiehall.org/names/1023505","Steve Fry"
"http://data.carnegiehall.org/names/1023506","Mosie Lister"
"http://data.carnegiehall.org/names/1023498","Kirk Kirkland"
"http://data.carnegiehall.org/names/1023499","Bart Millard"
"http://data.carnegiehall.org/names/1023500","Barry Graul"
"http://data.carnegiehall.org/names/1023501","David Garcia"
"http://data.carnegiehall.org/names/1023502","Mike Scheuchzer"
"http://data.carnegiehall.org/names/1023503","Nathan Cochran"
"http://data.carnegiehall.org/names/1023496","Greg Wiggins"
"http://data.carnegiehall.org/names/1023497","Cleavant Derricks"
"http://data.carnegiehall.org/names/1023488","Werner Richard Heymann"
"http://data.carnegiehall.org/names/1023489","Aleks Savitski"
"http://data.carnegiehall.org/names/1023490","Krystian Kielb"
"http://data.carnegiehall.org/names/1023491","Blaž Pucihar"
"http://data.carnegiehall.org/names/1023479","Piotr Maszynski"
"http://data.carnegiehall.org/names/1023480","Zofia Ossendowska"
"http://data.carnegiehall.org/names/1023481","Waclaw Niemczyk"
"http://data.carnegiehall.org/names/1023482","Stanislaw Lipski"
"http://data.carnegiehall.org/names/1023483","Adam Wieniawski"
"http://data.carnegiehall.org/names/1023484","Henryk Wars"
"http://data.carnegiehall.org/names/1023472","Percy Montrose"
"http://data.carnegiehall.org/names/1023473","Hermann Necke"
"http://data.carnegiehall.org/names/1023474","David Angerman"
"http://data.carnegiehall.org/names/1023475","Kwang Moo Lee"
"http://data.carnegiehall.org/names/1023476","Yuexiang Xu"
"http://data.carnegiehall.org/names/1023467","Kwon Hee Lee"
"http://data.carnegiehall.org/names/1023468","Yeon Taek Jung"
"http://data.carnegiehall.org/names/1023469","Young Shik Cho"
"http://data.carnegiehall.org/names/1023470","Myung Jin Kim"
"http://data.carnegiehall.org/names/1023471","Woo Joong Chon"
"http://data.carnegiehall.org/names/1023453","Winfield B. Carson"
"http://data.carnegiehall.org/names/1023454","Wei Gu"
"http://data.carnegiehall.org/names/1023455","Yifan Guo"
"http://data.carnegiehall.org/names/1023456","Nicholas Sokol"
"http://data.carnegiehall.org/names/1023457","Jun An Chew"
"http://data.carnegiehall.org/names/1023458","Nina Shekhar"
"http://data.carnegiehall.org/names/1023447","Mogol"
"http://data.carnegiehall.org/names/1023448","Joel Hirschhorn"
"http://data.carnegiehall.org/names/1023451","Sarah Elise Thompson"
"http://data.carnegiehall.org/names/1023452","Fabian Beltran"
"http://data.carnegiehall.org/names/1023441","Jeff Davis"
"http://data.carnegiehall.org/names/1023434","Joseph Brooks"
"http://data.carnegiehall.org/names/1023440","Tiny Kahn"
"http://data.carnegiehall.org/names/1023423","José Canet"
"http://data.carnegiehall.org/names/1023424","Marcelo Biondini"
"http://data.carnegiehall.org/names/1023425","Dejan Despic"
"http://data.carnegiehall.org/names/1023418","Lorenzo Gaetano Zavateri"
"http://data.carnegiehall.org/names/1023406","Janet Hood"
"http://data.carnegiehall.org/names/1023408","[first name unknown] De Moya"
"http://data.carnegiehall.org/names/1023400","M. K. Michelle"
"http://data.carnegiehall.org/names/1023403","Jacheol Koo"
"http://data.carnegiehall.org/names/1023404","Kyungmin Sohn"
"http://data.carnegiehall.org/names/1023393","Hea-Young Cho"
"http://data.carnegiehall.org/names/1023394","Youn-Yong Chung"
"http://data.carnegiehall.org/names/1023395","Jin Deuk Oh"
"http://data.carnegiehall.org/names/1023396","Hyungkoo Lee"
"http://data.carnegiehall.org/names/1023398","Bohyung Chung"
"http://data.carnegiehall.org/names/1023384","Ilja Hurník"
"http://data.carnegiehall.org/names/1023375","Xueshi Zhou"
"http://data.carnegiehall.org/names/1023361","Adolfo Fumagalli"
"http://data.carnegiehall.org/names/1023362","Pat Pace"
"http://data.carnegiehall.org/names/1023351","Dave Schnackenberg"
"http://data.carnegiehall.org/names/1023352","Edith Alomar"
"http://data.carnegiehall.org/names/1023353","Jorge Lockward"
"http://data.carnegiehall.org/names/1023357","Wonjoo Lee"
"http://data.carnegiehall.org/names/1023347","Friedrich Schenker"
"http://data.carnegiehall.org/names/1023348","José Ursicino da Silva"
"http://data.carnegiehall.org/names/1023349","Oleg Miroshnikov"
"http://data.carnegiehall.org/names/1023330","Charles S. Brown"
"http://data.carnegiehall.org/names/1023297","John Beasley"
"http://data.carnegiehall.org/names/1023290","Philip M. Slates"
"http://data.carnegiehall.org/names/1023293","Jacotin"
"http://data.carnegiehall.org/names/1023294","Pierre Cadéac"
"http://data.carnegiehall.org/names/1023296","Igmar Thomas"
"http://data.carnegiehall.org/names/1023283","Natalie Rojansky Tillotson"
"http://data.carnegiehall.org/names/1023274","Richard Williams"
"http://data.carnegiehall.org/names/1023239","Dick Glasser"
"http://data.carnegiehall.org/names/1023241","Anna Sosenko"
"http://data.carnegiehall.org/names/1023238","Ken Lane"
"http://data.carnegiehall.org/names/1023201","Edward E. Rice"
"http://data.carnegiehall.org/names/1023182","Jerome H. Kanner"
"http://data.carnegiehall.org/names/1023183","Joel Thompson"
"http://data.carnegiehall.org/names/1023165","Madeleine Clark Walther"
"http://data.carnegiehall.org/names/1023147","[first name unknown] Kriesing"
"http://data.carnegiehall.org/names/1023136","Grace Warner Gulesian"
"http://data.carnegiehall.org/names/1023108","Sid Wyche"
"http://data.carnegiehall.org/names/1023109","Clarence E. Quick"
"http://data.carnegiehall.org/names/1023111","Jack Hammer"
"http://data.carnegiehall.org/names/1023112","Dennis Linde"
"http://data.carnegiehall.org/names/1023104","E. Bourgeon"
"http://data.carnegiehall.org/names/1023107","Aaron Schroeder"
"http://data.carnegiehall.org/names/1023081","Nicholas Carlton"
"http://data.carnegiehall.org/names/1020919","Annie Barber"
"http://data.carnegiehall.org/names/1020920","Wooseok Seo"
"http://data.carnegiehall.org/names/1020921","Adas Aldo"
"http://data.carnegiehall.org/names/1020913","Cletus Bradley"
"http://data.carnegiehall.org/names/1020915","Eun Gook Kim"
"http://data.carnegiehall.org/names/1020917","Hyungwon Ko"
"http://data.carnegiehall.org/names/1020918","John Barber"
"http://data.carnegiehall.org/names/1020910","Cesar Espejo"
"http://data.carnegiehall.org/names/1020899","Janis Ivanovs"
"http://data.carnegiehall.org/names/1020902","Longins Apkalns"
"http://data.carnegiehall.org/names/1020903","Pauls Dambis"
"http://data.carnegiehall.org/names/1020887","V. Arienzo"
"http://data.carnegiehall.org/names/1020889","S. Sahakyan"
"http://data.carnegiehall.org/names/1020891","Robert Amirkhanyan"
"http://data.carnegiehall.org/names/1020886","Aubrey Stauffer"
"http://data.carnegiehall.org/names/1020861","[first name unknown] Krow"
"http://data.carnegiehall.org/names/1020862","Rudolph Bohne"
"http://data.carnegiehall.org/names/1020863","H. P. Duffell"
"http://data.carnegiehall.org/names/1020857","Thomas M. Bowers"
"http://data.carnegiehall.org/names/1020847","Bernardus Boekelman"
"http://data.carnegiehall.org/names/1020848","Liangzhen Zhu"
"http://data.carnegiehall.org/names/1020832","Warner Crosby"
"http://data.carnegiehall.org/names/1020833","Hermann Levi"
"http://data.carnegiehall.org/names/1020835","Al Johns"
"http://data.carnegiehall.org/names/1020837","Woolson Morse"
"http://data.carnegiehall.org/names/1020831","Leonard J. Lewinson"
"http://data.carnegiehall.org/names/1020819","Giacomo Minkowski"
"http://data.carnegiehall.org/names/1020820","Kerrith Livengood"
"http://data.carnegiehall.org/names/1020825","John De Bueris"
"http://data.carnegiehall.org/names/1020815","Alfred Roncovieri"
"http://data.carnegiehall.org/names/1020809","Luigi Bordese"
"http://data.carnegiehall.org/names/1020810","J. C. (James Carroll) Bartlett"
"http://data.carnegiehall.org/names/1020797","Giorgio Mainerio"
"http://data.carnegiehall.org/names/1020798","Pedro de Araujo"
"http://data.carnegiehall.org/names/1020799","Pedro de San Lorenzo"
"http://data.carnegiehall.org/names/1020788","Giovanni Priuli"
"http://data.carnegiehall.org/names/1020789","Johann Erasmus Kindermann"
"http://data.carnegiehall.org/names/1020794","Emilio de' Cavalieri"
"http://data.carnegiehall.org/names/1020795","Girolamo Parabosco"
"http://data.carnegiehall.org/names/1020796","Julio Segni"
"http://data.carnegiehall.org/names/1020783","Joe E. Parks"
"http://data.carnegiehall.org/names/1020784","Jieun Choi"
"http://data.carnegiehall.org/names/1020785","Don Moen"
"http://data.carnegiehall.org/names/1020773","Lou Busch"
"http://data.carnegiehall.org/names/1020776","Bernie Taupin"
"http://data.carnegiehall.org/names/1020779","William Pierson Merrill"
"http://data.carnegiehall.org/names/1020765","H. S. (Henry Southwick) Perkins"
"http://data.carnegiehall.org/names/1020767","Eleanor Hovda"
"http://data.carnegiehall.org/names/1020768","Antonio Mastrogiovanni"
"http://data.carnegiehall.org/names/1020758","Hyun Ju Baek"
"http://data.carnegiehall.org/names/1020759","Kwang Te Su"
"http://data.carnegiehall.org/names/1020760","Dana Richardson"
"http://data.carnegiehall.org/names/1020761","Hiroya Miura"
"http://data.carnegiehall.org/names/1020762","Claudio Ambrosini"
"http://data.carnegiehall.org/names/1020763","John Wiegand"
"http://data.carnegiehall.org/names/1020747","Kate Bush"
"http://data.carnegiehall.org/names/1020750","Tae Hong Park"
"http://data.carnegiehall.org/names/1020751","Yuri Boguinia"
"http://data.carnegiehall.org/names/1020752","Vladislav Boguinia"
"http://data.carnegiehall.org/names/1020757","Andy Payne"
"http://data.carnegiehall.org/names/1020745","C. M. S. McLellan"
"http://data.carnegiehall.org/names/1020734","[first name unknown] Chambers"
"http://data.carnegiehall.org/names/1020735","Louise Tunison"
"http://data.carnegiehall.org/names/1020736","Edith A. Dick"
"http://data.carnegiehall.org/names/1020739","Louis I. Matthews"
"http://data.carnegiehall.org/names/1020728","Benedicto Lacerda"
"http://data.carnegiehall.org/names/1020730","Berthold Knetsch"
"http://data.carnegiehall.org/names/1020731","[first name unknown] Burger"
"http://data.carnegiehall.org/names/1020732","Lázaro Núñez-Robres"
"http://data.carnegiehall.org/names/1020733","Gideon Froelich"
"http://data.carnegiehall.org/names/1020722","E. R. Schremser"
"http://data.carnegiehall.org/names/1020724","Malcolm Douglas"
"http://data.carnegiehall.org/names/1020725","Wilhelm Kramer"
"http://data.carnegiehall.org/names/1020727","Edmund Braham"
"http://data.carnegiehall.org/names/1020716","George Sanford Parsons"
"http://data.carnegiehall.org/names/1020717","Hermann Riedel"
"http://data.carnegiehall.org/names/1020713","Bert R. Anthony"
"http://data.carnegiehall.org/names/1020701","[first name unknown] Sutton"
"http://data.carnegiehall.org/names/1020702","J. Barnes"
"http://data.carnegiehall.org/names/1020703","Harry Lee"
"http://data.carnegiehall.org/names/1020705","Alfred E. Aarons"
"http://data.carnegiehall.org/names/1020696","[first name unknown] Michaels"
"http://data.carnegiehall.org/names/1020700","Van L. Farrand"
"http://data.carnegiehall.org/names/1020678","Franz Mahe"
"http://data.carnegiehall.org/names/1020679","J. Alexander Silberberg"
"http://data.carnegiehall.org/names/1020680","G. Jules Dubois"
"http://data.carnegiehall.org/names/1020683","Carl Lehnert"
"http://data.carnegiehall.org/names/1020684","Alfred Benjamin Allen"
"http://data.carnegiehall.org/names/1020672","Charles B. Ward"
"http://data.carnegiehall.org/names/1020659","Mark Applebaum"
"http://data.carnegiehall.org/names/1020660","Narcisse Bousquet"
"http://data.carnegiehall.org/names/1020662","Adam Itzel"
"http://data.carnegiehall.org/names/1020664","Alexandre Joseph Artôt"
"http://data.carnegiehall.org/names/1020665","F. Nova"
"http://data.carnegiehall.org/names/1020652","Charles-Samuel Bovy-Lysberg"
"http://data.carnegiehall.org/names/1020653","James Bellak"
"http://data.carnegiehall.org/names/1020654","E. Ferrati"
"http://data.carnegiehall.org/names/1020655","[first name unknown] Scholler"
"http://data.carnegiehall.org/names/1020656","C. H. Cain"
"http://data.carnegiehall.org/names/1020657","Wilhelm Krüger"
"http://data.carnegiehall.org/names/1020644","M.H. Andrews"
"http://data.carnegiehall.org/names/1020645","Lee Orean Smith"
"http://data.carnegiehall.org/names/1020646","[first name unknown] Arnold"
"http://data.carnegiehall.org/names/1020647","Carl Carlton"
"http://data.carnegiehall.org/names/1020648","W.G. Sired"
"http://data.carnegiehall.org/names/1020638","Trinidad Rosales"
"http://data.carnegiehall.org/names/1020641","[first name unknown] Cleaver"
"http://data.carnegiehall.org/names/1020642","[first name unknown] Thane"
"http://data.carnegiehall.org/names/1020643","Homer Green"
"http://data.carnegiehall.org/names/1020632","Frank A. Howson"
"http://data.carnegiehall.org/names/1020635","Stephen R. Henry"
"http://data.carnegiehall.org/names/1020627","Gustav Jensen"
"http://data.carnegiehall.org/names/1020630","Henry Somerset"
"http://data.carnegiehall.org/names/1020619","Ben Yee-Paulson"
"http://data.carnegiehall.org/names/1020621","Guoquan Li"
"http://data.carnegiehall.org/names/1020622","Yong Cheng Qin"
"http://data.carnegiehall.org/names/1020611","James Marshall"
"http://data.carnegiehall.org/names/1020612","Walter Watson"
"http://data.carnegiehall.org/names/1020613","David Nisbet Stewart"
"http://data.carnegiehall.org/names/1020603","Pietro Andrea Ziani"
"http://data.carnegiehall.org/names/1020605","Artemio Motta"
"http://data.carnegiehall.org/names/1020607","Gian Francesco de Majo"
"http://data.carnegiehall.org/names/1020601","Jacob Muhlrad"
"http://data.carnegiehall.org/names/1020588","Harry Belding"
"http://data.carnegiehall.org/names/1020589","Arthur Marshall"
"http://data.carnegiehall.org/names/1020590","Tom Pitts"
"http://data.carnegiehall.org/names/1020591","Raie Da Costa"
"http://data.carnegiehall.org/names/1020592","Tom Brier"
"http://data.carnegiehall.org/names/1020567","Rick Vale"
"http://data.carnegiehall.org/names/1020572","René Duclos"
"http://data.carnegiehall.org/names/1020573","David Gendelev"
"http://data.carnegiehall.org/names/1020575","S. Grilnberger"
"http://data.carnegiehall.org/names/1020560","Chuck Day"
"http://data.carnegiehall.org/names/1020561","Greg Day"
"http://data.carnegiehall.org/names/1020562","Shaun Shankel"
"http://data.carnegiehall.org/names/1020563","Orrin Hatch"
"http://data.carnegiehall.org/names/1020564","Madeline Stone"
"http://data.carnegiehall.org/names/1020566","Nichole Nordeman"
"http://data.carnegiehall.org/names/1020553","Sam Mizell"
"http://data.carnegiehall.org/names/1020554","Sandra Crouch"
"http://data.carnegiehall.org/names/1020555","Eddie Cooley"
"http://data.carnegiehall.org/names/1020556","Kenna West"
"http://data.carnegiehall.org/names/1020557","Jason Cox"
"http://data.carnegiehall.org/names/1020558","Blake Neesmith"
"http://data.carnegiehall.org/names/1020547","Michael Neale"
"http://data.carnegiehall.org/names/1020548","Krissy Nordhoff"
"http://data.carnegiehall.org/names/1020549","Bethel Music"
"http://data.carnegiehall.org/names/1020550","Kalley Heiligenthal"
"http://data.carnegiehall.org/names/1020551","Christa Wells"
"http://data.carnegiehall.org/names/1020552","Becca Mizell"
"http://data.carnegiehall.org/names/1020541","A. J. (Anthony Johnson) Showalter"
"http://data.carnegiehall.org/names/1020542","Mark Harris"
"http://data.carnegiehall.org/names/1020543","Thomas Miller"
"http://data.carnegiehall.org/names/1020544","Benjamin Gaither"
"http://data.carnegiehall.org/names/1020545","Mark Mathes"
"http://data.carnegiehall.org/names/1020546","James Huey"
"http://data.carnegiehall.org/names/1020538","Ethel Glenn Hier"
"http://data.carnegiehall.org/names/1020539","Beatrice Laufer"
"http://data.carnegiehall.org/names/1020529","Weidong Meng"
"http://data.carnegiehall.org/names/1020532","Archibald Johnston"
"http://data.carnegiehall.org/names/1020533","Kirsti Davidson"
"http://data.carnegiehall.org/names/1020534","Thomas Juneau"
"http://data.carnegiehall.org/names/1020518","Mark Fisher"
"http://data.carnegiehall.org/names/1020523","E. Ray Goetz"
"http://data.carnegiehall.org/names/1020512","P. Ramlee"
"http://data.carnegiehall.org/names/1020514","Leong Yoon Pin"
"http://data.carnegiehall.org/names/1020516","Andrew Rindfleisch"
"http://data.carnegiehall.org/names/1020517","Larry Shay"
"http://data.carnegiehall.org/names/1020506","Christopher D. Lowry"
"http://data.carnegiehall.org/names/1020507","Luis Arturo Santaliz"
"http://data.carnegiehall.org/names/1020508","Stephen Michael Gryc"
"http://data.carnegiehall.org/names/1020509","Kayvon Emtiaz"
"http://data.carnegiehall.org/names/1020511","Tony Makarome"
"http://data.carnegiehall.org/names/1020499","Bob Mathews"
"http://data.carnegiehall.org/names/1020501","Jason Webb"
"http://data.carnegiehall.org/names/1020502","Ismail Marzuki"
"http://data.carnegiehall.org/names/1020505","Sigrid Anderssen"
"http://data.carnegiehall.org/names/1020491","H. L. Booth"
"http://data.carnegiehall.org/names/1020493","Hou Dejian"
"http://data.carnegiehall.org/names/1020497","John Brakstad"
"http://data.carnegiehall.org/names/1020498","Egil Storbekken"
"http://data.carnegiehall.org/names/1020486","Brian Lewis"
"http://data.carnegiehall.org/names/1020488","Ashley Miller"
"http://data.carnegiehall.org/names/1020490","David Lovrien"
"http://data.carnegiehall.org/names/1020477","Robbie McIntosh"
"http://data.carnegiehall.org/names/1020478","Onnie McIntyre"
"http://data.carnegiehall.org/names/1020479","Hamish Stuart"
"http://data.carnegiehall.org/names/1020483","Joshua V. Hinkel"
"http://data.carnegiehall.org/names/1020472","Craig Skeffington"
"http://data.carnegiehall.org/names/1020474","Roger Ball"
"http://data.carnegiehall.org/names/1020475","Malcolm Duncan"
"http://data.carnegiehall.org/names/1020476","Alan Gorrie"
"http://data.carnegiehall.org/names/1020468","W.A. Corey"
"http://data.carnegiehall.org/names/1020470","[first name unknown] Mera"
"http://data.carnegiehall.org/names/1020458","[first name unknown] Hazen"
"http://data.carnegiehall.org/names/1020459","[first name unknown] Barker"
"http://data.carnegiehall.org/names/1020460","Charles William MacCord"
"http://data.carnegiehall.org/names/1020462","Hans Cesek"
"http://data.carnegiehall.org/names/1020451","Benji Cowart"
"http://data.carnegiehall.org/names/1020452","Mike Weaver"
"http://data.carnegiehall.org/names/1020454","J. L. Seville"
"http://data.carnegiehall.org/names/1020456","W. D. Kenneth"
"http://data.carnegiehall.org/names/1020457","B. Carpenter"
"http://data.carnegiehall.org/names/1020445","Travis Ryan"
"http://data.carnegiehall.org/names/1020446","Jeremy Riddle"
"http://data.carnegiehall.org/names/1020447","Josh Farrow"
"http://data.carnegiehall.org/names/1020448","Phil Wickham"
"http://data.carnegiehall.org/names/1020449","Rita Springer"
"http://data.carnegiehall.org/names/1020450","Paulette Wooten"
"http://data.carnegiehall.org/names/1020439","Paul Mabury"
"http://data.carnegiehall.org/names/1020440","Michael Farren"
"http://data.carnegiehall.org/names/1020441","Wayne Haun"
"http://data.carnegiehall.org/names/1020442","Michael A. Mobley"
"http://data.carnegiehall.org/names/1020443","Richie Fike"
"http://data.carnegiehall.org/names/1020444","Matthew Hooper"
"http://data.carnegiehall.org/names/1020432","Charles Jenkins"
"http://data.carnegiehall.org/names/1020433","Gerald Crabb"
"http://data.carnegiehall.org/names/1020434","Jason Ingram"
"http://data.carnegiehall.org/names/1020435","Kristian Stanfill"
"http://data.carnegiehall.org/names/1020437","Mia Fieldes"
"http://data.carnegiehall.org/names/1020438","Hank Bentley"
"http://data.carnegiehall.org/names/1020427","Martha Munizzi"
"http://data.carnegiehall.org/names/1020428","Maleesa Houghton"
"http://data.carnegiehall.org/names/1020431","Don Poythress"
"http://data.carnegiehall.org/names/1020419","Jules Egghard"
"http://data.carnegiehall.org/names/1020420","F. R. Webb"
"http://data.carnegiehall.org/names/1020421","[first name unknown] Cohen"
"http://data.carnegiehall.org/names/1020422","Adrien Talexy"
"http://data.carnegiehall.org/names/1020424","John David Bratton"
"http://data.carnegiehall.org/names/1020413","Emilio Coello Cabrera"
"http://data.carnegiehall.org/names/1020418","[first name unknown] Greene"
"http://data.carnegiehall.org/names/1020405","Carlos Martínez de Ibarreta"
"http://data.carnegiehall.org/names/1020407","Marcos Cruz"
"http://data.carnegiehall.org/names/1020408","Miquel Ortega"
"http://data.carnegiehall.org/names/1020410","Jorge Grundman"
"http://data.carnegiehall.org/names/1020411","Alejandro Coello Calvo"
"http://data.carnegiehall.org/names/1020412","Tito Garcia Gonzalez"
"http://data.carnegiehall.org/names/1020399","Alexander Basilaya"
"http://data.carnegiehall.org/names/1020402","Evgeny Kobylyansky"
"http://data.carnegiehall.org/names/1020404","Cipriano Martínez Rücker"
"http://data.carnegiehall.org/names/1020398","Bulat Okudzhava"
"http://data.carnegiehall.org/names/1020386","Al Goodhart"
"http://data.carnegiehall.org/names/1020391","Motl Polyanskiy"
"http://data.carnegiehall.org/names/1020380","Brendan Faegre"
"http://data.carnegiehall.org/names/1020384","Natalya Baklanova"
"http://data.carnegiehall.org/names/1020374","Philip Aaberg"
"http://data.carnegiehall.org/names/1020375","Michael W. Gilboe"
"http://data.carnegiehall.org/names/1020376","Norbert Rossi"
"http://data.carnegiehall.org/names/1020377","Jack Gladstone"
"http://data.carnegiehall.org/names/1020364","Mark Owen"
"http://data.carnegiehall.org/names/1020365","Gary Barlow"
"http://data.carnegiehall.org/names/1020366","Howard Donald"
"http://data.carnegiehall.org/names/1020372","Gareth Malone"
"http://data.carnegiehall.org/names/1020373","Eliot Kennedy"
"http://data.carnegiehall.org/names/1020358","David Hanlon"
"http://data.carnegiehall.org/names/1020359","Fred Rogers"
"http://data.carnegiehall.org/names/1020361","Ross Parker"
"http://data.carnegiehall.org/names/1020362","Hughie Charles"
"http://data.carnegiehall.org/names/1020363","Jason Orange"
"http://data.carnegiehall.org/names/1020352","[first name unknown] Behrens"
"http://data.carnegiehall.org/names/1020353","[first name unknown] Pepper"
"http://data.carnegiehall.org/names/1020355","Scott Gendel"
"http://data.carnegiehall.org/names/1020357","Benjamin P. Wenzelberg"
"http://data.carnegiehall.org/names/1020343","Hugo Peretti"
"http://data.carnegiehall.org/names/1020344","Luigi Creatore"
"http://data.carnegiehall.org/names/1020351","J. W. (John William) Cherry"
"http://data.carnegiehall.org/names/1020330","Theo Moses"
"http://data.carnegiehall.org/names/1020325","Samuel Aguayo"
"http://data.carnegiehall.org/names/1020326","Evelyn Avsharian"
"http://data.carnegiehall.org/names/1020327","Paul de Keyser"
"http://data.carnegiehall.org/names/1020312","Jesse Pickett"
"http://data.carnegiehall.org/names/1020321","Alfred Prinz"
"http://data.carnegiehall.org/names/1020304","J. Dayton Smith"
"http://data.carnegiehall.org/names/1020292","Peter Anglea"
"http://data.carnegiehall.org/names/1020296","Massimiliano Neri"
"http://data.carnegiehall.org/names/1020277","Theodore Spathis"
"http://data.carnegiehall.org/names/1020278","Athan. Kokinou"
"http://data.carnegiehall.org/names/1020279","Michael Schachter"
"http://data.carnegiehall.org/names/1020282","Zach Wiesner"
"http://data.carnegiehall.org/names/1020266","Raymond Jeannot"
"http://data.carnegiehall.org/names/1020256","Tom Snow"
"http://data.carnegiehall.org/names/1020257","Deen E. Entsminger"
"http://data.carnegiehall.org/names/1020258","Ralf Yusuf Gawlick"
"http://data.carnegiehall.org/names/1020259","Joan Franks Williams"
"http://data.carnegiehall.org/names/1020241","Texu Kim"
"http://data.carnegiehall.org/names/1020236","Alan Baylock"
"http://data.carnegiehall.org/names/1020238","Jerry Jones"
"http://data.carnegiehall.org/names/1020229","Alexei Kurbatov"
"http://data.carnegiehall.org/names/1020232","Sean O'Laughlin"
"http://data.carnegiehall.org/names/1020217","Ezio Monti"
"http://data.carnegiehall.org/names/1020219","Yves Chauris"
"http://data.carnegiehall.org/names/1020220","The Brothers Balliett"
"http://data.carnegiehall.org/names/1020223","Annette Peacock"
"http://data.carnegiehall.org/names/1020203","Andrew Hirst"
"http://data.carnegiehall.org/names/1020204","Dougie MacLean"
"http://data.carnegiehall.org/names/1020206","Tyler S. Grant"
"http://data.carnegiehall.org/names/1020197","J. W. Alexander"
"http://data.carnegiehall.org/names/1020198","Jesse Whitaker"
"http://data.carnegiehall.org/names/1020199","Lucien Denni"
"http://data.carnegiehall.org/names/1020190","Masao Koga"
"http://data.carnegiehall.org/names/1020192","Gento Uehara"
"http://data.carnegiehall.org/names/1020183","Michael Sayers"
"http://data.carnegiehall.org/names/1020188","Nobuo Hara"
"http://data.carnegiehall.org/names/1017939","Ray Bauduc"
"http://data.carnegiehall.org/names/1017946","Johannes Maria Staud"
"http://data.carnegiehall.org/names/1017931","John Fogerty"
"http://data.carnegiehall.org/names/1017927","Jan Garrett"
"http://data.carnegiehall.org/names/1017929","Danny Janssen"
"http://data.carnegiehall.org/names/1017909","Constant Vauclain"
"http://data.carnegiehall.org/names/1017911","Julia Perry"
"http://data.carnegiehall.org/names/1017917","Katherine Balch"
"http://data.carnegiehall.org/names/1017893","Henry Ragas"
"http://data.carnegiehall.org/names/1017902","Alma M. Sanders"
"http://data.carnegiehall.org/names/1017880","Alberto De Bru"
"http://data.carnegiehall.org/names/1017881","Roy Bergere"
"http://data.carnegiehall.org/names/1017888","Manuel Villacanas"
"http://data.carnegiehall.org/names/1017889","Nick Castle"
"http://data.carnegiehall.org/names/1017869","Franz Steininger"
"http://data.carnegiehall.org/names/1017872","Carlos Castellano Gómez"
"http://data.carnegiehall.org/names/1017873","Alessio Olivieri"
"http://data.carnegiehall.org/names/1017874","Won-Gyun Kim"
"http://data.carnegiehall.org/names/1017853","Bob Larimer"
"http://data.carnegiehall.org/names/1017856","Azer Guseinovich Rzaev"
"http://data.carnegiehall.org/names/1017857","Sevda Ibragimova"
"http://data.carnegiehall.org/names/1017858","Oktai Zul'fugarov"
"http://data.carnegiehall.org/names/1017844","J. Clarence Chambers"
"http://data.carnegiehall.org/names/1017848","Sister Mary Elaine"
"http://data.carnegiehall.org/names/1017849","Fridtjof Backer-Grøndahl"
"http://data.carnegiehall.org/names/1017851","George Fenton"
"http://data.carnegiehall.org/names/1017852","Brian Potter"
"http://data.carnegiehall.org/names/1017837","Nat Vincent"
"http://data.carnegiehall.org/names/1017838","Maurice White"
"http://data.carnegiehall.org/names/1017839","Philip Bailey"
"http://data.carnegiehall.org/names/1017841","Sara Zweig"
"http://data.carnegiehall.org/names/1017842","Alfred Uhler"
"http://data.carnegiehall.org/names/1017843","[first name unknown] Flood"
"http://data.carnegiehall.org/names/1017823","Nicholas Deyoe"
"http://data.carnegiehall.org/names/1017824","Carlos Iturralde"
"http://data.carnegiehall.org/names/1017833","Michael Masser"
"http://data.carnegiehall.org/names/1017834","Elizabeth Quaile"
"http://data.carnegiehall.org/names/1017835","Robin Gibb"
"http://data.carnegiehall.org/names/1017836","Joe Samuels"
"http://data.carnegiehall.org/names/1017812","Jonathan Leshnoff"
"http://data.carnegiehall.org/names/1017814","John Hyatt Brewer"
"http://data.carnegiehall.org/names/1017818","[first name unknown] Goldman"
"http://data.carnegiehall.org/names/1017822","Daniel Goode"
"http://data.carnegiehall.org/names/1017806","Hanuš Trnecek"
"http://data.carnegiehall.org/names/1017807","Mikhail Mchedelov"
"http://data.carnegiehall.org/names/1017808","Eduard Kiprsky"
"http://data.carnegiehall.org/names/1017809","Giovanni Avolio"
"http://data.carnegiehall.org/names/1017811","Peter Fahey"
"http://data.carnegiehall.org/names/1017798","Felix Pasache"
"http://data.carnegiehall.org/names/1017799","José Escajadillo"
"http://data.carnegiehall.org/names/1017800","Gian Marco Zignago"
"http://data.carnegiehall.org/names/1017801","Victor Merino"
"http://data.carnegiehall.org/names/1017802","Pepe Vasquez"
"http://data.carnegiehall.org/names/1017803","[first name unknown] Firstman"
"http://data.carnegiehall.org/names/1017792","Augusto Polo Campos"
"http://data.carnegiehall.org/names/1017793","Abelardo Vásquez"
"http://data.carnegiehall.org/names/1017794","Mario Cavagnaro"
"http://data.carnegiehall.org/names/1017795","Tite Curet Alonso"
"http://data.carnegiehall.org/names/1017796","Nicomedes Santa Cruz"
"http://data.carnegiehall.org/names/1017797","Wilfredo Franco"
"http://data.carnegiehall.org/names/1017786","Nancy Bergman"
"http://data.carnegiehall.org/names/1017788","Akira Senju"
"http://data.carnegiehall.org/names/1017791","Francisco Quiroz"
"http://data.carnegiehall.org/names/1017777","Mario Pagano"
"http://data.carnegiehall.org/names/1017783","Lou Handman"
"http://data.carnegiehall.org/names/1017766","Louis Niedermeyer"
"http://data.carnegiehall.org/names/1017769","Leonard J. Simutis"
"http://data.carnegiehall.org/names/1017770","Jurgis Karnavicius"
"http://data.carnegiehall.org/names/1017771","Laurraine Goreau"
"http://data.carnegiehall.org/names/1017772","Barbara Stein"
"http://data.carnegiehall.org/names/1017775","J. Meredith Tatton"
"http://data.carnegiehall.org/names/1017755","[first name unknown] Gebhardt"
"http://data.carnegiehall.org/names/1017749","Miguel ""Chino"" Figueroa"
"http://data.carnegiehall.org/names/1017750","Oscar Molina"
"http://data.carnegiehall.org/names/1017751","Pedro Espinel"
"http://data.carnegiehall.org/names/1017752","Daniel ""Kiri"" Escobar"
"http://data.carnegiehall.org/names/1017753","Harriet Binney Steele"
"http://data.carnegiehall.org/names/1017754","[first name unknown] Blumenthal"
"http://data.carnegiehall.org/names/1017742","Suguru Sasaki"
"http://data.carnegiehall.org/names/1017743","Kiyotaka Kaga"
"http://data.carnegiehall.org/names/1017744","Mimas"
"http://data.carnegiehall.org/names/1017747","Yoko Kanno"
"http://data.carnegiehall.org/names/1017748","Fahed Mitre"
"http://data.carnegiehall.org/names/1017734","Billy Meyers"
"http://data.carnegiehall.org/names/1017736","Jay Chernis"
"http://data.carnegiehall.org/names/1017737","Lester Fountain"
"http://data.carnegiehall.org/names/1017738","Yasuharu Yamaguchi"
"http://data.carnegiehall.org/names/1017739","Mamoru Samuragochi"
"http://data.carnegiehall.org/names/1017721","A. Kosnetz"
"http://data.carnegiehall.org/names/1017722","[first name unknown] Bnatysnyn"
"http://data.carnegiehall.org/names/1017730","Clay Boland"
"http://data.carnegiehall.org/names/1017732","Jimmy Kennedy"
"http://data.carnegiehall.org/names/1017733","Tom Waits"
"http://data.carnegiehall.org/names/1017720","[first name unknown] Clement"
"http://data.carnegiehall.org/names/1017707","[first name unknown] Romero"
"http://data.carnegiehall.org/names/1017708","Paul Weston"
"http://data.carnegiehall.org/names/1017691","Lewis H. Redner"
"http://data.carnegiehall.org/names/1017693","Susan Liu"
"http://data.carnegiehall.org/names/1017694","Anton Bernhard Fürstenau"
"http://data.carnegiehall.org/names/1017697","Chen Gong"
"http://data.carnegiehall.org/names/1017681","Huai-deh Yeh"
"http://data.carnegiehall.org/names/1017684","Carlo Antonio Campioni"
"http://data.carnegiehall.org/names/1017671","John Banister"
"http://data.carnegiehall.org/names/1017640","[first name unknown] Human"
"http://data.carnegiehall.org/names/1017642","Ernst Pepping"
"http://data.carnegiehall.org/names/1017627","[first name unknown] Zervo"
"http://data.carnegiehall.org/names/1017628","May Foster"
"http://data.carnegiehall.org/names/1017630","Babs Gonzales"
"http://data.carnegiehall.org/names/1017631","Madeleine Perissas"
"http://data.carnegiehall.org/names/1017618","Howard Fenton"
"http://data.carnegiehall.org/names/1017620","Mihalis Sougioul"
"http://data.carnegiehall.org/names/1017621","Giorgos Thisvios"
"http://data.carnegiehall.org/names/1017622","[first name unknown] Papadopoulos"
"http://data.carnegiehall.org/names/1017624","Kostas Yannidis"
"http://data.carnegiehall.org/names/1017617","Gene Bone"
"http://data.carnegiehall.org/names/1017608","Gaspar Vives"
"http://data.carnegiehall.org/names/1017595","Frank Ryerson"
"http://data.carnegiehall.org/names/1017596","Grady Watts"
"http://data.carnegiehall.org/names/1017599","Kenneth Winstead"
"http://data.carnegiehall.org/names/1017601","[first name unknown] Karnovalov"
"http://data.carnegiehall.org/names/1017591","Helen L. Cramm"
"http://data.carnegiehall.org/names/1017592","Alexander Bennett"
"http://data.carnegiehall.org/names/1017593","Horace Mann-Lincoln School"
"http://data.carnegiehall.org/names/1017579","Ellis Reynolds"
"http://data.carnegiehall.org/names/1017580","Clarence Muse"
"http://data.carnegiehall.org/names/1017581","Otis René"
"http://data.carnegiehall.org/names/1017586","Emil Soderstrom"
"http://data.carnegiehall.org/names/1017587","James H. Burke"
"http://data.carnegiehall.org/names/1017568","Demos Joannides"
"http://data.carnegiehall.org/names/1017573","[first name unknown] Telescu"
"http://data.carnegiehall.org/names/1017562","Nat Simon"
"http://data.carnegiehall.org/names/1017563","Ben Bernie"
"http://data.carnegiehall.org/names/1017565","Phil Baker"
"http://data.carnegiehall.org/names/1017566","Yury Milyutin"
"http://data.carnegiehall.org/names/1017549","Friedrich Hermann"
"http://data.carnegiehall.org/names/1017556","Dorothy Adair"
"http://data.carnegiehall.org/names/1017559","Wilfred Irwin Hatchette"
"http://data.carnegiehall.org/names/1017537","William G. Fischer"
"http://data.carnegiehall.org/names/1017539","Oliver Latham"
"http://data.carnegiehall.org/names/1017542","Eduardo Fabini"
"http://data.carnegiehall.org/names/1017543","Edward Earle"
"http://data.carnegiehall.org/names/1017522","Grace W. Lunt"
"http://data.carnegiehall.org/names/1017525","Max S. Witt"
"http://data.carnegiehall.org/names/1017526","James Jansen"
"http://data.carnegiehall.org/names/1017535","Frederic H. Wood"
"http://data.carnegiehall.org/names/1017513","Hamish MacCunn"
"http://data.carnegiehall.org/names/1017516","Bubber Miley"
"http://data.carnegiehall.org/names/1017496","Adolf Thomsen"
"http://data.carnegiehall.org/names/1017497","Gabriel Tischendorf"
"http://data.carnegiehall.org/names/1017499","Donald Tweedy"
"http://data.carnegiehall.org/names/1017504","Tracy A. Clute"
"http://data.carnegiehall.org/names/1017491","Austris A. Wihtol"
"http://data.carnegiehall.org/names/1017492","P. Forte"
"http://data.carnegiehall.org/names/1017493","William Gooch"
"http://data.carnegiehall.org/names/1017495","Kristian Wendelborg"
"http://data.carnegiehall.org/names/1017481","Herbert Murrill"
"http://data.carnegiehall.org/names/1017466","Aaron Travers"
"http://data.carnegiehall.org/names/1017471","Hertz Rubin"
"http://data.carnegiehall.org/names/1017472","Dimitrije O. Golemovic"
"http://data.carnegiehall.org/names/1017473","Mugison"
"http://data.carnegiehall.org/names/1017474","Stavros Kougioumtzis"
"http://data.carnegiehall.org/names/1017475","Rosa Mercedes Ayarza de Morales"
"http://data.carnegiehall.org/names/1017458","Sheng Mu"
"http://data.carnegiehall.org/names/1017461","Scott Eggert"
"http://data.carnegiehall.org/names/1017462","Ivan Sokolov"
"http://data.carnegiehall.org/names/1017463","Christopher Culpo"
"http://data.carnegiehall.org/names/1017451","John Kennedy"
"http://data.carnegiehall.org/names/1017452","Adam Schoenberg"
"http://data.carnegiehall.org/names/1017453","Ethan Wickman"
"http://data.carnegiehall.org/names/1017454","Clifton Callender"
"http://data.carnegiehall.org/names/1017455","Zuhua Xiang"
"http://data.carnegiehall.org/names/1017441","Troy Herion"
"http://data.carnegiehall.org/names/1017442","Tyondai Braxton"
"http://data.carnegiehall.org/names/1017447","Gamal Abdel-Rahim"
"http://data.carnegiehall.org/names/1017448","Scott Robbins"
"http://data.carnegiehall.org/names/1017450","Kari Henrik Juusela"
"http://data.carnegiehall.org/names/1017433","Jeremy Gill"
"http://data.carnegiehall.org/names/1017436","Takatomi Nobunaga"
"http://data.carnegiehall.org/names/1017437","Tadashi Yanada"
"http://data.carnegiehall.org/names/1017438","Midori Takashima"
"http://data.carnegiehall.org/names/1017439","Raymond J. Lustig"
"http://data.carnegiehall.org/names/1017440","Du Yun"
"http://data.carnegiehall.org/names/1017422","Nicholas J. White"
"http://data.carnegiehall.org/names/1017423","Timothy Gray"
"http://data.carnegiehall.org/names/1017424","Antonio Jiménez Manjón"
"http://data.carnegiehall.org/names/1017431","Geghuni Hovannesi Chitchian"
"http://data.carnegiehall.org/names/1017432","Andrew McManus"
"http://data.carnegiehall.org/names/1017415","Marc Laroussini"
"http://data.carnegiehall.org/names/1017416","John Glover"
"http://data.carnegiehall.org/names/1017417","Tiffany Peng"
"http://data.carnegiehall.org/names/1017418","Joaquin Valverde Sanjuan"
"http://data.carnegiehall.org/names/1017421","David Poe"
"http://data.carnegiehall.org/names/1017407","Ari Levine"
"http://data.carnegiehall.org/names/1017409","Mikkel S. Eriksen"
"http://data.carnegiehall.org/names/1017410","Tor Erik Hermansen"
"http://data.carnegiehall.org/names/1017411","Sandy Wilhelm"
"http://data.carnegiehall.org/names/1017412","Ester Dean"
"http://data.carnegiehall.org/names/1017414","David Wright"
"http://data.carnegiehall.org/names/1017400","Nat D. Ayer"
"http://data.carnegiehall.org/names/1017401","Allan Pineda"
"http://data.carnegiehall.org/names/1017402","Jaime Gomez"
"http://data.carnegiehall.org/names/1017403","Will.i.am"
"http://data.carnegiehall.org/names/1017404","Khalil Walton"
"http://data.carnegiehall.org/names/1017406","Philip Martin Lawrence"
"http://data.carnegiehall.org/names/1017393","Mihaly Nador"
"http://data.carnegiehall.org/names/1017394","László Gyopár"
"http://data.carnegiehall.org/names/1017396","Aaron Kaufman"
"http://data.carnegiehall.org/names/1017397","Tricia Fox"
"http://data.carnegiehall.org/names/1017398","Christopher Arroyo"
"http://data.carnegiehall.org/names/1017399","David Reznick"
"http://data.carnegiehall.org/names/1017388","Jimmy Sabater"
"http://data.carnegiehall.org/names/1017389","Nick Jimenez"
"http://data.carnegiehall.org/names/1017392","László Weiner"
"http://data.carnegiehall.org/names/1017380","Robert Blades"
"http://data.carnegiehall.org/names/1017381","Nathaniel, III Irvin"
"http://data.carnegiehall.org/names/1017383","Charles, II Joseph"
"http://data.carnegiehall.org/names/1017384","Antwan André Patton"
"http://data.carnegiehall.org/names/1017386","Russell Schmidt"
"http://data.carnegiehall.org/names/1017379","Emilio Estefan"
"http://data.carnegiehall.org/names/1017365","Anthony Pinozotto"
"http://data.carnegiehall.org/names/1017366","Brian A. Schmidt"
"http://data.carnegiehall.org/names/1017370","Bob Harris"
"http://data.carnegiehall.org/names/1017359","Matthew Liu"
"http://data.carnegiehall.org/names/1017361","Erik Morales"
"http://data.carnegiehall.org/names/1017362","Manuel Cardoso"
"http://data.carnegiehall.org/names/1017363","Daniel Read"
"http://data.carnegiehall.org/names/1017350","Maxfield Marcus"
"http://data.carnegiehall.org/names/1017351","Gary Garcia"
"http://data.carnegiehall.org/names/1017352","Luke Mayernik"
"http://data.carnegiehall.org/names/1017358","Peter Knight"
"http://data.carnegiehall.org/names/1017339","Don Brubaker"
"http://data.carnegiehall.org/names/1017342","J. Scott McKenzie"
"http://data.carnegiehall.org/names/1017344","John Mays"
"http://data.carnegiehall.org/names/1017332","Jan Vicar"
"http://data.carnegiehall.org/names/1017335","Damijan Mocnik"
"http://data.carnegiehall.org/names/1017337","Steven Sametz"
"http://data.carnegiehall.org/names/1017326","Zarko Mirkovic"
"http://data.carnegiehall.org/names/1017327","Nemanja Savic"
"http://data.carnegiehall.org/names/1017328","Zapro Zaprov"
"http://data.carnegiehall.org/names/1017329","Dusan Kostic"
"http://data.carnegiehall.org/names/1017330","Connor J. Koppin"
"http://data.carnegiehall.org/names/1017331","Jan Jirásek"
"http://data.carnegiehall.org/names/1017320","Dave Riley"
"http://data.carnegiehall.org/names/1017321","Michael Fink"
"http://data.carnegiehall.org/names/1017322","Damon Dandridge"
"http://data.carnegiehall.org/names/1017323","Gordon Young"
"http://data.carnegiehall.org/names/1017324","Edmundo Disdier"
"http://data.carnegiehall.org/names/1017318","Maurice Jacobson"
"http://data.carnegiehall.org/names/1017294","Joseph Eastburn Winner"
"http://data.carnegiehall.org/names/1017300","Eduardo Martínez Torner"
"http://data.carnegiehall.org/names/1017291","Katherine Heron-Maxwell"
"http://data.carnegiehall.org/names/1017278","Carl Kromer"
"http://data.carnegiehall.org/names/1017279","William Lester"
"http://data.carnegiehall.org/names/1017281","Alfred Mistowski"
"http://data.carnegiehall.org/names/1017285","Marian Kowal"
"http://data.carnegiehall.org/names/1017270","R. S. Hughes"
"http://data.carnegiehall.org/names/1017273","Clara Novello Davies"
"http://data.carnegiehall.org/names/1017275","David Zeikel"
"http://data.carnegiehall.org/names/1017276","C.E. Miller"
"http://data.carnegiehall.org/names/1017257","Giuseppe Blanc"
"http://data.carnegiehall.org/names/1017267","W. S. Gwynn Williams"
"http://data.carnegiehall.org/names/1017269","Osborne Roberts"
"http://data.carnegiehall.org/names/1017247","[first name unknown] Lupurini"
"http://data.carnegiehall.org/names/1017248","[first name unknown] Voccoli"
"http://data.carnegiehall.org/names/1017249","[first name unknown] Spadea"
"http://data.carnegiehall.org/names/1017250","Vincenzo Ferroni"
"http://data.carnegiehall.org/names/1017254","George Handel Heath-Gracie"
"http://data.carnegiehall.org/names/1017239","Pancrazio Aniello"
"http://data.carnegiehall.org/names/1017240","Jean Wiéner"
"http://data.carnegiehall.org/names/1017241","George Chappell"
"http://data.carnegiehall.org/names/1017228","[first name unknown] Shcherbachyov"
"http://data.carnegiehall.org/names/1017229","Stanley J. Damerell"
"http://data.carnegiehall.org/names/1017230","Robert Hargreaves"
"http://data.carnegiehall.org/names/1017234","Josef Slenczynski"
"http://data.carnegiehall.org/names/1017220","Philip Phile"
"http://data.carnegiehall.org/names/1017224","William Morris"
"http://data.carnegiehall.org/names/1017208","John Harmon"
"http://data.carnegiehall.org/names/1017212","[first name unknown] Lask"
"http://data.carnegiehall.org/names/1017199","Michael McCarthy"
"http://data.carnegiehall.org/names/1017200","Mark Lortz"
"http://data.carnegiehall.org/names/1017201","Francis L. Feese"
"http://data.carnegiehall.org/names/1017202","Ladislav Kupkovic"
"http://data.carnegiehall.org/names/1017203","John W.N. Palmer"
"http://data.carnegiehall.org/names/1017204","Matthew Morris"
"http://data.carnegiehall.org/names/1017193","Chris Brooks"
"http://data.carnegiehall.org/names/1017194","William Owens"
"http://data.carnegiehall.org/names/1017196","William L. Ballenger"
"http://data.carnegiehall.org/names/1017197","Paul Dooley"
"http://data.carnegiehall.org/names/1017198","Arnold Sherman"
"http://data.carnegiehall.org/names/1017187","Joan C. Varner"
"http://data.carnegiehall.org/names/1017188","Marty McCall"
"http://data.carnegiehall.org/names/1017189","Asukulu 'Yunu Mukulay"
"http://data.carnegiehall.org/names/1017190","Mmunga Mwenebulongo Mulongoy"
"http://data.carnegiehall.org/names/1017192","Tudor Jarda"
"http://data.carnegiehall.org/names/1017179","El Hadj N'Diaye"
"http://data.carnegiehall.org/names/1017181","Stephen Goss"
"http://data.carnegiehall.org/names/1017183","Havelock Nelson"
"http://data.carnegiehall.org/names/1017184","Rudolf Nelson"
"http://data.carnegiehall.org/names/1014777","Bert Ligon"
"http://data.carnegiehall.org/names/1014779","Mark Williams"
"http://data.carnegiehall.org/names/1014781","Bai Xiao"
"http://data.carnegiehall.org/names/1014782","Liqing Yang"
"http://data.carnegiehall.org/names/1017173","Albert Hammond"
"http://data.carnegiehall.org/names/1014770","Roberto Galvani"
"http://data.carnegiehall.org/names/1014772","Daniel May"
"http://data.carnegiehall.org/names/1014773","Pini Aaronbayev"
"http://data.carnegiehall.org/names/1014774","Aleksandr Morozov"
"http://data.carnegiehall.org/names/1014775","Josephine Yalovitser"
"http://data.carnegiehall.org/names/1014776","Leonard P. Breedlove"
"http://data.carnegiehall.org/names/1014762","Chiharu Tamashiro"
"http://data.carnegiehall.org/names/1014763","Felipe Rosario Goyco"
"http://data.carnegiehall.org/names/1014764","Ivan Kryzhanovsky"
"http://data.carnegiehall.org/names/1014765","Henri F. Hemy"
"http://data.carnegiehall.org/names/1014766","William Gardiner"
"http://data.carnegiehall.org/names/1014767","John MacDonald"
"http://data.carnegiehall.org/names/1014756","Kris Roche"
"http://data.carnegiehall.org/names/1014757","Ken Usami"
"http://data.carnegiehall.org/names/1014758","Yuko Okamoto"
"http://data.carnegiehall.org/names/1014759","Yasuaki Ogata"
"http://data.carnegiehall.org/names/1014760","Kazufumi Miyazawa"
"http://data.carnegiehall.org/names/1014761","Masayoshi Yamazaki"
"http://data.carnegiehall.org/names/1014750","[first name unknown] Hanson"
"http://data.carnegiehall.org/names/1014751","Pavel Dmitriyevich Krylov"
"http://data.carnegiehall.org/names/1014752","Kazuyo Kuriya"
"http://data.carnegiehall.org/names/1014753","Keiko Yamaguchi"
"http://data.carnegiehall.org/names/1014754","Kana Dehara"
"http://data.carnegiehall.org/names/1014755","Naoto Kubo"
"http://data.carnegiehall.org/names/1014744","Andrew Rathbun"
"http://data.carnegiehall.org/names/1014745","Brooke Joyce"
"http://data.carnegiehall.org/names/1014746","David Vayo"
"http://data.carnegiehall.org/names/1014747","Arthur H. Messiter"
"http://data.carnegiehall.org/names/1014748","Mabel G. Osgood"
"http://data.carnegiehall.org/names/1014749","Harold Vincent Milligan"
"http://data.carnegiehall.org/names/1014735","G. Frank Goodale"
"http://data.carnegiehall.org/names/1014736","Oscar Gardner"
"http://data.carnegiehall.org/names/1014737","Carl Wilhelm"
"http://data.carnegiehall.org/names/1014738","K. Newell Dayley"
"http://data.carnegiehall.org/names/1014741","Mary Donnelly"
"http://data.carnegiehall.org/names/1014743","Teresa Jennings"
"http://data.carnegiehall.org/names/1014728","Michael Coolen"
"http://data.carnegiehall.org/names/1014729","Robert Spittal"
"http://data.carnegiehall.org/names/1014730","Ruben Torres"
"http://data.carnegiehall.org/names/1014731","Lucija Garuta"
"http://data.carnegiehall.org/names/1014732","Boniface Mganga"
"http://data.carnegiehall.org/names/1014733","Joseph Golde"
"http://data.carnegiehall.org/names/1014722","John Spencer"
"http://data.carnegiehall.org/names/1014723","Jack de Mello"
"http://data.carnegiehall.org/names/1014724","Alice Namekelua"
"http://data.carnegiehall.org/names/1014725","Danny Kua'ana"
"http://data.carnegiehall.org/names/1014726","R. Alex Anderson"
"http://data.carnegiehall.org/names/1014727","Gregory Youtz"
"http://data.carnegiehall.org/names/1014716","Roy C. Bennett"
"http://data.carnegiehall.org/names/1014717","Sam Koki"
"http://data.carnegiehall.org/names/1014718","Clarence W. Kinney"
"http://data.carnegiehall.org/names/1014719","Lena Machado"
"http://data.carnegiehall.org/names/1014720","Barry Flanagan"
"http://data.carnegiehall.org/names/1014721","James Taka"
"http://data.carnegiehall.org/names/1014710","Godfrey Nutting"
"http://data.carnegiehall.org/names/1014711","August Oehl"
"http://data.carnegiehall.org/names/1014712","Ottomar Neubert"
"http://data.carnegiehall.org/names/1014713","Abbie Gerrish-Jones"
"http://data.carnegiehall.org/names/1014714","Giuseppe Gabetti"
"http://data.carnegiehall.org/names/1014715","Jean Paul Kursteiner"
"http://data.carnegiehall.org/names/1014703","Marcelo Zarvos"
"http://data.carnegiehall.org/names/1014704","Henry Youll"
"http://data.carnegiehall.org/names/1014705","Shania Twain"
"http://data.carnegiehall.org/names/1014707","C. Linn Seiler"
"http://data.carnegiehall.org/names/1014708","Lulu Jones Downing"
"http://data.carnegiehall.org/names/1014709","Charles Wileby"
"http://data.carnegiehall.org/names/1014696","Jean Gilbert"
"http://data.carnegiehall.org/names/1014697","Mateus Araujo"
"http://data.carnegiehall.org/names/1014698","Joseph Curiale"
"http://data.carnegiehall.org/names/1014699","E.C. Kammermeyer"
"http://data.carnegiehall.org/names/1014700","Lembit Beecher"
"http://data.carnegiehall.org/names/1014702","James Blachly"
"http://data.carnegiehall.org/names/1014687","Narong Prangcharoen"
"http://data.carnegiehall.org/names/1014688","Juan Rios Ovalle"
"http://data.carnegiehall.org/names/1014691","Manuel Jiménez"
"http://data.carnegiehall.org/names/1014693","Tito Henríquez"
"http://data.carnegiehall.org/names/1014694","Manuel Angel Nieves"
"http://data.carnegiehall.org/names/1014695","[first name unknown] Austin"
"http://data.carnegiehall.org/names/1014677","Karl A. Langlotz"
"http://data.carnegiehall.org/names/1014678","[first name unknown] Davis"
"http://data.carnegiehall.org/names/1014679","Benedetto Ferrari"
"http://data.carnegiehall.org/names/1014680","Karl Wilhelm"
"http://data.carnegiehall.org/names/1014684","R. Stewart Taylor"
"http://data.carnegiehall.org/names/1014686","Enrique Crespo"
"http://data.carnegiehall.org/names/1014670","Charles K. Harris"
"http://data.carnegiehall.org/names/1014671","John Halle"
"http://data.carnegiehall.org/names/1014672","M. Warksawsky"
"http://data.carnegiehall.org/names/1014674","Louis Mayeur"
"http://data.carnegiehall.org/names/1014675","Eduardo Garcia-Mancilla"
"http://data.carnegiehall.org/names/1014676","[first name unknown] Gallone"
"http://data.carnegiehall.org/names/1014661","Koray Sazli"
"http://data.carnegiehall.org/names/1014662","Erdem Helvacioglu"
"http://data.carnegiehall.org/names/1014663","Ceyhun Saklar"
"http://data.carnegiehall.org/names/1014665","Joseph Papadatos"
"http://data.carnegiehall.org/names/1014667","Ludwik Grossman"
"http://data.carnegiehall.org/names/1014668","Pierre Capdevielle"
"http://data.carnegiehall.org/names/1014652","Shicheng Lin"
"http://data.carnegiehall.org/names/1014655","Michael Djupstrom"
"http://data.carnegiehall.org/names/1014656","Les Taylor"
"http://data.carnegiehall.org/names/1014657","John Steinmetz"
"http://data.carnegiehall.org/names/1014658","Adrienne Albert"
"http://data.carnegiehall.org/names/1014660","Bekir Kucukay"
"http://data.carnegiehall.org/names/1014645","Lucio Battisti"
"http://data.carnegiehall.org/names/1014646","Brian May"
"http://data.carnegiehall.org/names/1014647","George Bruns"
"http://data.carnegiehall.org/names/1014648","John Farrar"
"http://data.carnegiehall.org/names/1014649","Charles Norman Mason"
"http://data.carnegiehall.org/names/1014650","Peter S. Heller"
"http://data.carnegiehall.org/names/1014639","Akira Nakada"
"http://data.carnegiehall.org/names/1014640","Yasuo Minami"
"http://data.carnegiehall.org/names/1014641","Gerald Fried"
"http://data.carnegiehall.org/names/1014642","Sheldon Curry"
"http://data.carnegiehall.org/names/1014643","Darlene Zschech"
"http://data.carnegiehall.org/names/1014644","Bob Phillips"
"http://data.carnegiehall.org/names/1014627","Hilary Purrington"
"http://data.carnegiehall.org/names/1014629","Alberto Favero"
"http://data.carnegiehall.org/names/1014631","Eric Sessler"
"http://data.carnegiehall.org/names/1014634","[first name unknown] Hofmann"
"http://data.carnegiehall.org/names/1014636","Ludwig Fischer"
"http://data.carnegiehall.org/names/1014637","Arthur Voorhis"
"http://data.carnegiehall.org/names/1014619","Wilhelm Popp"
"http://data.carnegiehall.org/names/1014620","Michael Gilbertson"
"http://data.carnegiehall.org/names/1014621","Cody J. Wright"
"http://data.carnegiehall.org/names/1014624","Alfred Rahlwes"
"http://data.carnegiehall.org/names/1014625","Ko Matsushita"
"http://data.carnegiehall.org/names/1014626","Ron Drotos"
"http://data.carnegiehall.org/names/1014613","Elizabeth Coolidge"
"http://data.carnegiehall.org/names/1014614","Edmund Rickett"
"http://data.carnegiehall.org/names/1014615","Marc Allison"
"http://data.carnegiehall.org/names/1014616","Anthony Suter"
"http://data.carnegiehall.org/names/1014617","Olive Dungan"
"http://data.carnegiehall.org/names/1014618","Trevor Gureckis"
"http://data.carnegiehall.org/names/1014607","Ryan Chase"
"http://data.carnegiehall.org/names/1014608","Olive Arnold Adams"
"http://data.carnegiehall.org/names/1014609","Ray Pancarowicz"
"http://data.carnegiehall.org/names/1014610","Barrage"
"http://data.carnegiehall.org/names/1014611","Eduard Gaertner"
"http://data.carnegiehall.org/names/1014612","Archibald Sullivan"
"http://data.carnegiehall.org/names/1014598","Blanche Ring"
"http://data.carnegiehall.org/names/1014600","Franco Cesarini"
"http://data.carnegiehall.org/names/1014601","Anton Cajetan Adlgasser"
"http://data.carnegiehall.org/names/1014603","Vladimír Godár"
"http://data.carnegiehall.org/names/1014605","Riyo Saito"
"http://data.carnegiehall.org/names/1014606","Alan Abbott"
"http://data.carnegiehall.org/names/1014581","Richard Kidd"
"http://data.carnegiehall.org/names/1014582","Brian McCune"
"http://data.carnegiehall.org/names/1014583","Matthew Kajcienski"
"http://data.carnegiehall.org/names/1014584","Iosif Andriasov"
"http://data.carnegiehall.org/names/1014588","Angelo Badalamenti"
"http://data.carnegiehall.org/names/1014597","Grigor Yeghiazaryan"
"http://data.carnegiehall.org/names/1014573","Halim El-Dabh"
"http://data.carnegiehall.org/names/1014576","Esaias Reusner"
"http://data.carnegiehall.org/names/1014577","William McGlaughlin"
"http://data.carnegiehall.org/names/1014578","Marguerite Roesgen-Champion"
"http://data.carnegiehall.org/names/1014579","Ian David Coleman"
"http://data.carnegiehall.org/names/1014580","Randall Cunningham"
"http://data.carnegiehall.org/names/1014567","Yuichiro Hayashi"
"http://data.carnegiehall.org/names/1014568","Midori Mori"
"http://data.carnegiehall.org/names/1014569","Hidehiko Ogiwara"
"http://data.carnegiehall.org/names/1014570","Saburo Takada"
"http://data.carnegiehall.org/names/1014571","Man Arai"
"http://data.carnegiehall.org/names/1014572","Marc Chan"
"http://data.carnegiehall.org/names/1014561","Joseph Hadar"
"http://data.carnegiehall.org/names/1014562","Mordechai Nuzik"
"http://data.carnegiehall.org/names/1014563","Rosas Pandan"
"http://data.carnegiehall.org/names/1014564","Yu-Hui Chang"
"http://data.carnegiehall.org/names/1014565","Ke-Chia Chen"
"http://data.carnegiehall.org/names/1014566","Wei-Chieh Lin"
"http://data.carnegiehall.org/names/1014554","Karel Berman"
"http://data.carnegiehall.org/names/1014555","Ilse Weber"
"http://data.carnegiehall.org/names/1014556","Zikmund Schul"
"http://data.carnegiehall.org/names/1014557","Bezalel Brun"
"http://data.carnegiehall.org/names/1014558","Moishe Oysher"
"http://data.carnegiehall.org/names/1014560","Uri Givon"
"http://data.carnegiehall.org/names/1014545","Pancho Burgos"
"http://data.carnegiehall.org/names/1014547","[first name unknown] Pastor"
"http://data.carnegiehall.org/names/1014550","Vicente Paiva"
"http://data.carnegiehall.org/names/1014551","Bernard Gilmore"
"http://data.carnegiehall.org/names/1014552","Christopher Marshall"
"http://data.carnegiehall.org/names/1014553","Benedict Mason"
"http://data.carnegiehall.org/names/1014538","Zhanbota Tuyakbayev"
"http://data.carnegiehall.org/names/1014539","Boris Prozorovsky"
"http://data.carnegiehall.org/names/1014540","Jeff Jarvis"
"http://data.carnegiehall.org/names/1014541","Dan Gailey"
"http://data.carnegiehall.org/names/1014542","Matthew McBane"
"http://data.carnegiehall.org/names/1014544","Sung Yup (Sam) Jung"
"http://data.carnegiehall.org/names/1014530","David Bobrowitz"
"http://data.carnegiehall.org/names/1014531","Bob Lowden"
"http://data.carnegiehall.org/names/1014532","Steven Schmidt"
"http://data.carnegiehall.org/names/1014533","Ralph Ford Ashford"
"http://data.carnegiehall.org/names/1014536","Kenzhebek Kumisbekov"
"http://data.carnegiehall.org/names/1014537","Adil Bestybayev"
"http://data.carnegiehall.org/names/1014524","Haydn Hofstedder"
"http://data.carnegiehall.org/names/1014525","Robert Nugent"
"http://data.carnegiehall.org/names/1014526","Charles L. Booker"
"http://data.carnegiehall.org/names/1014527","Richard McGee"
"http://data.carnegiehall.org/names/1014528","Sofia Kraevska"
"http://data.carnegiehall.org/names/1014529","Scott Routenberg"
"http://data.carnegiehall.org/names/1014516","Masaru Tanaka"
"http://data.carnegiehall.org/names/1014517","Atsuhiko Gondai"
"http://data.carnegiehall.org/names/1014518","Jeffrey J. Phillips"
"http://data.carnegiehall.org/names/1014519","Christopher Stark"
"http://data.carnegiehall.org/names/1014521","Chang Su Koh"
"http://data.carnegiehall.org/names/1014523","Ellen Lindquist"
"http://data.carnegiehall.org/names/1014510","Percy Fridenberg"
"http://data.carnegiehall.org/names/1014511","Adolf Philipp"
"http://data.carnegiehall.org/names/1014512","Jimmy McCarthy"
"http://data.carnegiehall.org/names/1014513","Mary Fahl"
"http://data.carnegiehall.org/names/1014514","Tommy Sands"
"http://data.carnegiehall.org/names/1014515","Jacob Bancks"
"http://data.carnegiehall.org/names/1014503","Nolan Gasser"
"http://data.carnegiehall.org/names/1014504","Vardina Shlionsky"
"http://data.carnegiehall.org/names/1014506","Edward Lewis"
"http://data.carnegiehall.org/names/1014507","Montague Cantor"
"http://data.carnegiehall.org/names/1014508","Donald Rauscher"
"http://data.carnegiehall.org/names/1014509","William J. Goeckel"
"http://data.carnegiehall.org/names/1014492","Patrick Long"
"http://data.carnegiehall.org/names/1014493","Brian C. Wilson"
"http://data.carnegiehall.org/names/1014494","Anders Koppel"
"http://data.carnegiehall.org/names/1014498","Jakub Ciupinski"
"http://data.carnegiehall.org/names/1014501","Nils Lindberg"
"http://data.carnegiehall.org/names/1014502","Jaakko Mäntyjärvi"
"http://data.carnegiehall.org/names/1014486","Sebastien Le Camus"
"http://data.carnegiehall.org/names/1014487","Michel Lambert"
"http://data.carnegiehall.org/names/1014488","Giovanni Paolo Foscarini"
"http://data.carnegiehall.org/names/1014489","Cherubino Busatti"
"http://data.carnegiehall.org/names/1014490","Louis Weingarden"
"http://data.carnegiehall.org/names/1014491","E. Edwin Sheldon"
"http://data.carnegiehall.org/names/1014474","Huizhong Wang"
"http://data.carnegiehall.org/names/1014475","Malvin Franklin"
"http://data.carnegiehall.org/names/1014476","Leo Wood"
"http://data.carnegiehall.org/names/1014482","Etienne Moulinié"
"http://data.carnegiehall.org/names/1014483","Robert Ballard"
"http://data.carnegiehall.org/names/1014485","Joseph de La Barre"
"http://data.carnegiehall.org/names/1014468","Philip Stopford"
"http://data.carnegiehall.org/names/1014469","Brad Green"
"http://data.carnegiehall.org/names/1014470","Pam Beall"
"http://data.carnegiehall.org/names/1014471","Laolie Yan"
"http://data.carnegiehall.org/names/1014472","Deju Chen"
"http://data.carnegiehall.org/names/1014473","Wusimanjiang"
"http://data.carnegiehall.org/names/1014461","Bert Grant"
"http://data.carnegiehall.org/names/1014462","J. Edwin McConnell"
"http://data.carnegiehall.org/names/1014464","The Shaggs"
"http://data.carnegiehall.org/names/1014465","Mochipet"
"http://data.carnegiehall.org/names/1014466","[first name unknown] Bromme"
"http://data.carnegiehall.org/names/1014467","Howard Goodall"
"http://data.carnegiehall.org/names/1014454","Fred Coyne"
"http://data.carnegiehall.org/names/1014455","Ethos"
"http://data.carnegiehall.org/names/1014456","Richard Bales"
"http://data.carnegiehall.org/names/1014457","Hugo Kauder"
"http://data.carnegiehall.org/names/1014459","Alfred Solman"
"http://data.carnegiehall.org/names/1014460","Albert Gumble"
"http://data.carnegiehall.org/names/1014443","Elisha J. King"
"http://data.carnegiehall.org/names/1014444","Gary Leport"
"http://data.carnegiehall.org/names/1014445","Clint Mansell"
"http://data.carnegiehall.org/names/1014446","Fernando Otero"
"http://data.carnegiehall.org/names/1014450","Salvador Bacarisse"
"http://data.carnegiehall.org/names/1014453","Charles Ingle"
"http://data.carnegiehall.org/names/1014435","E. Dahrsina"
"http://data.carnegiehall.org/names/1014436","Pierre De Geyter"
"http://data.carnegiehall.org/names/1014437","[first name unknown] Buechse"
"http://data.carnegiehall.org/names/1014438","Carl Gramm"
"http://data.carnegiehall.org/names/1014439","Agustín Díaz Cartaya"
"http://data.carnegiehall.org/names/1014440","Manuel Corona"
"http://data.carnegiehall.org/names/1014428","Frederic Verrieres"
"http://data.carnegiehall.org/names/1014430","[first name unknown] Shklar"
"http://data.carnegiehall.org/names/1014431","[first name unknown] Sitomirsky"
"http://data.carnegiehall.org/names/1014432","[first name unknown] Kapit"
"http://data.carnegiehall.org/names/1014433","[first name unknown] Shalipa"
"http://data.carnegiehall.org/names/1014434","[first name unknown] Botbeites"
"http://data.carnegiehall.org/names/1014419","Yuanlin Chen"
"http://data.carnegiehall.org/names/1014421","Yongduk Choi"
"http://data.carnegiehall.org/names/1014422","Lenny Leblanc"
"http://data.carnegiehall.org/names/1014423","Rolf Løvland"
"http://data.carnegiehall.org/names/1014424","Sangwoo Shin"
"http://data.carnegiehall.org/names/1014427","Harold Spina"
"http://data.carnegiehall.org/names/1014407","Herma Sigmande"
"http://data.carnegiehall.org/names/1014409","Cartola"
"http://data.carnegiehall.org/names/1014412","Grace Leadenham Austin"
"http://data.carnegiehall.org/names/1014414","Fritz Jurgens"
"http://data.carnegiehall.org/names/1014415","Eugene Nollet"
"http://data.carnegiehall.org/names/1014416","Boris Tishchenko"
"http://data.carnegiehall.org/names/1014397","[first name unknown] Schroter"
"http://data.carnegiehall.org/names/1014398","Andy Goldmark"
"http://data.carnegiehall.org/names/1014399","[first name unknown] Collins"
"http://data.carnegiehall.org/names/1014402","Ruben Seroussi"
"http://data.carnegiehall.org/names/1014403","Guus Janssen"
"http://data.carnegiehall.org/names/1014406","Guido Bianchini"
"http://data.carnegiehall.org/names/1014389","William Carlin"
"http://data.carnegiehall.org/names/1014392","Giovanni Maria Nanino"
"http://data.carnegiehall.org/names/1014393","Jimmy López"
"http://data.carnegiehall.org/names/1014394","Van Veachton Rogers"
"http://data.carnegiehall.org/names/1014395","Andrew Cherry"
"http://data.carnegiehall.org/names/1014396","Richard Thomas"
"http://data.carnegiehall.org/names/1014377","William Armour Thayer"
"http://data.carnegiehall.org/names/1014382","Vladimir Tsybin"
"http://data.carnegiehall.org/names/1014383","Theodor Kirchner"
"http://data.carnegiehall.org/names/1014384","George D. Clews"
"http://data.carnegiehall.org/names/1014385","Chester Barker Searle"
"http://data.carnegiehall.org/names/1014388","Franklin Riker"
"http://data.carnegiehall.org/names/1014365","New Jersey Japanese School Students"
"http://data.carnegiehall.org/names/1014366","Naotsugi Nishida"
"http://data.carnegiehall.org/names/1014367","David Anderson"
"http://data.carnegiehall.org/names/1014371","G. A. (George Alfred) Grant-Schaefer"
"http://data.carnegiehall.org/names/1014372","Johnny Lange"
"http://data.carnegiehall.org/names/1014376","Greta Busch"
"http://data.carnegiehall.org/names/1014355","Heorhii Maiboroda"
"http://data.carnegiehall.org/names/1014356","[first name unknown] Makaroff"
"http://data.carnegiehall.org/names/1014357","Vasily Pavlovich Solovyov-Sedoy"
"http://data.carnegiehall.org/names/1014362","Frank Collett"
"http://data.carnegiehall.org/names/1014363","Margaret Dalton"
"http://data.carnegiehall.org/names/1014364","Alexander Kandov"
"http://data.carnegiehall.org/names/1014349","Ricardo Viñes"
"http://data.carnegiehall.org/names/1014350","[first name unknown] Baron"
"http://data.carnegiehall.org/names/1014351","Francis Buebendorf"
"http://data.carnegiehall.org/names/1014352","Irving Ravin"
"http://data.carnegiehall.org/names/1014353","Avery Claflin"
"http://data.carnegiehall.org/names/1014354","Hryhoriy Veryovka"
"http://data.carnegiehall.org/names/1014341","Charles R. Hirst"
"http://data.carnegiehall.org/names/1014344","Tommie Connor"
"http://data.carnegiehall.org/names/1014345","Carlos Solís Morán"
"http://data.carnegiehall.org/names/1014346","Francisco Paredes Herrera"
"http://data.carnegiehall.org/names/1014347","Garrett Byrnes"
"http://data.carnegiehall.org/names/1014348","Ekaterina Walter-Kuhne"
"http://data.carnegiehall.org/names/1014335","Julian Cochran"
"http://data.carnegiehall.org/names/1014336","Miriam Hyde"
"http://data.carnegiehall.org/names/1014337","Abram Flatow"
"http://data.carnegiehall.org/names/1014338","Firminus Caron"
"http://data.carnegiehall.org/names/1014339","Florian Pascal"
"http://data.carnegiehall.org/names/1014340","Henri Bereny"
"http://data.carnegiehall.org/names/1014328","Rolf Wallin"
"http://data.carnegiehall.org/names/1014330","Patrick Zimmerli"
"http://data.carnegiehall.org/names/1014331","Teodosio Longo"
"http://data.carnegiehall.org/names/1014332","Doug Karsanos"
"http://data.carnegiehall.org/names/1014333","Andy Qunta"
"http://data.carnegiehall.org/names/1014334","Jackie DeShannon"
"http://data.carnegiehall.org/names/1014318","Zacar"
"http://data.carnegiehall.org/names/1014319","Larry Henley"
"http://data.carnegiehall.org/names/1014322","Clint Needham"
"http://data.carnegiehall.org/names/1014323","Johann Anton André"
"http://data.carnegiehall.org/names/1014326","Carl Kolling"
"http://data.carnegiehall.org/names/1014327","Marcus Paus"
"http://data.carnegiehall.org/names/1014311","Georges Delbruck"
"http://data.carnegiehall.org/names/1014312","Reginald Goss-Custard"
"http://data.carnegiehall.org/names/1014313","Stacy Garrop"
"http://data.carnegiehall.org/names/1014315","Roy Spaulding Stoughton"
"http://data.carnegiehall.org/names/1014316","Henry B. Vincent"
"http://data.carnegiehall.org/names/1014317","Evelyn Danzig"
"http://data.carnegiehall.org/names/1014303","Roland Diggle"
"http://data.carnegiehall.org/names/1014304","William Steff-Langston"
"http://data.carnegiehall.org/names/1014305","Thomas Carl Whitmer"
"http://data.carnegiehall.org/names/1014306","A. L. Barnes"
"http://data.carnegiehall.org/names/1014309","Giovanni Morandi"
"http://data.carnegiehall.org/names/1014310","William M. Felton"
"http://data.carnegiehall.org/names/1014296","John Fletcher"
"http://data.carnegiehall.org/names/1014297","Pietro Baldassari"
"http://data.carnegiehall.org/names/1014298","Filippo Capocci"
"http://data.carnegiehall.org/names/1014300","Alexander Dreyshner"
"http://data.carnegiehall.org/names/1014301","Richard Keys Biggs"
"http://data.carnegiehall.org/names/1014302","R. Deane Shure"
"http://data.carnegiehall.org/names/1014287","Phil Cross"
"http://data.carnegiehall.org/names/1014288","Brown Bannister"
"http://data.carnegiehall.org/names/1014290","Eddie Carswell"
"http://data.carnegiehall.org/names/1014291","Paula Stefanovich"
"http://data.carnegiehall.org/names/1014292","Daniel Cytrynowicz"
"http://data.carnegiehall.org/names/1014294","Betty Brannon"
"http://data.carnegiehall.org/names/1014279","Harold Budd"
"http://data.carnegiehall.org/names/1014280","Roger Hannay"
"http://data.carnegiehall.org/names/1014283","O.A. Parris"
"http://data.carnegiehall.org/names/1014284","Lee Roy Abernathy"
"http://data.carnegiehall.org/names/1014286","Joey Holder"
"http://data.carnegiehall.org/names/1014272","Un Young Rha"
"http://data.carnegiehall.org/names/1014273","Tong-Jin Kim"
"http://data.carnegiehall.org/names/1014274","Jin-Kyun Kim"
"http://data.carnegiehall.org/names/1014276","Ruth F. Braun"
"http://data.carnegiehall.org/names/1014277","Scott Munson"
"http://data.carnegiehall.org/names/1014278","André Laporte"
"http://data.carnegiehall.org/names/1014264","Jeanne Singer"
"http://data.carnegiehall.org/names/1014265","Dionissios Visvardis"
"http://data.carnegiehall.org/names/1014266","Eugene Glickman"
"http://data.carnegiehall.org/names/1014267","Arthur Kelley"
"http://data.carnegiehall.org/names/1014269","Pierre Gallant"
"http://data.carnegiehall.org/names/1014271","Thomas Turner"
"http://data.carnegiehall.org/names/1014257","Jesus Silva"
"http://data.carnegiehall.org/names/1014258","Manuel Valls"
"http://data.carnegiehall.org/names/1014259","Ed Kleban"
"http://data.carnegiehall.org/names/1014260","Manuel Oltra"
"http://data.carnegiehall.org/names/1014262","Raymond Gallois-Montbrun"
"http://data.carnegiehall.org/names/1014263","Aubert Lemeland"
"http://data.carnegiehall.org/names/1014246","Thomas Meadowcroft"
"http://data.carnegiehall.org/names/1014247","Stephan Winkler"
"http://data.carnegiehall.org/names/1014248","Kon-yong Yi"
"http://data.carnegiehall.org/names/1014250","Scott Irvine"
"http://data.carnegiehall.org/names/1014253","Jerome D. Goodman"
"http://data.carnegiehall.org/names/1014254","Olmsted"
"http://data.carnegiehall.org/names/1014240","Helmut Oehring"
"http://data.carnegiehall.org/names/1014241","Marc Sabat"
"http://data.carnegiehall.org/names/1014242","Anna Maria Rodriguez"
"http://data.carnegiehall.org/names/1014243","Sefano Gervasoni"
"http://data.carnegiehall.org/names/1014244","Peter Ablinger"
"http://data.carnegiehall.org/names/1014245","Alessandro Bosetti"
"http://data.carnegiehall.org/names/1014233","Mahzuni Serif"
"http://data.carnegiehall.org/names/1014234","Hudai"
"http://data.carnegiehall.org/names/1014235","Davut Sulari"
"http://data.carnegiehall.org/names/1014236","Muharrem Ertas"
"http://data.carnegiehall.org/names/1014238","Âsik Veysel"
"http://data.carnegiehall.org/names/1014239","Stefan Bartling"
"http://data.carnegiehall.org/names/1014227","Clément Loret"
"http://data.carnegiehall.org/names/1014228","Daniel Fleuret"
"http://data.carnegiehall.org/names/1014229","Francisco Fernández Palero"
"http://data.carnegiehall.org/names/1014230","Ali Ekber Çiçek"
"http://data.carnegiehall.org/names/1014231","Pir Sultan Abdal"
"http://data.carnegiehall.org/names/1014232","Harabi"
"http://data.carnegiehall.org/names/1014219","John Sebastian Matthews"
"http://data.carnegiehall.org/names/1014220","H. Sharpe"
"http://data.carnegiehall.org/names/1014222","Theodore Cesar Salome"
"http://data.carnegiehall.org/names/1014223","Gordon Balch Nevin"
"http://data.carnegiehall.org/names/1014224","Johann Gottfried Eckard"
"http://data.carnegiehall.org/names/1014225","Joseph Callaerts"
"http://data.carnegiehall.org/names/1014213","Wilson Coker"
"http://data.carnegiehall.org/names/1014214","Eugène Jancourt"
"http://data.carnegiehall.org/names/1014215","Francesco Biscogli"
"http://data.carnegiehall.org/names/1014216","Conrad C. Held"
"http://data.carnegiehall.org/names/1014217","Yuguijiroh Yocoh"
"http://data.carnegiehall.org/names/1014218","Alfred J. Silver"
"http://data.carnegiehall.org/names/1014207","Dafydd Llywelyn"
"http://data.carnegiehall.org/names/1014208","Nika Memanishvili"
"http://data.carnegiehall.org/names/1014209","Bjørn Fongaard"
"http://data.carnegiehall.org/names/1014210","Trygve Madsen"
"http://data.carnegiehall.org/names/1014211","René L. Becker"
"http://data.carnegiehall.org/names/1014212","Carl Almenräder"
"http://data.carnegiehall.org/names/1014199","Auguste-Mathieu Panseron"
"http://data.carnegiehall.org/names/1014201","Edmund Meisel"
"http://data.carnegiehall.org/names/1014202","Franz Tunder"
"http://data.carnegiehall.org/names/1014203","Michael Altenburg"
"http://data.carnegiehall.org/names/1014205","Tadashi Yamanouchi"
"http://data.carnegiehall.org/names/1014206","Knut Vaage"
"http://data.carnegiehall.org/names/1014190","Russell King Miller"
"http://data.carnegiehall.org/names/1014192","Justin Dello Joio"
"http://data.carnegiehall.org/names/1014194","Richard Sumarte"
"http://data.carnegiehall.org/names/1014195","Simon Ives"
"http://data.carnegiehall.org/names/1014197","Cyrille Rose"
"http://data.carnegiehall.org/names/1014198","Edward Shippen Barnes"
"http://data.carnegiehall.org/names/1014182","Noel Gay"
"http://data.carnegiehall.org/names/1014184","Jay Greenberg"
"http://data.carnegiehall.org/names/1014185","Nawrozshah Kulbanhusainov"
"http://data.carnegiehall.org/names/1014186","Zhienbai Zhyrau"
"http://data.carnegiehall.org/names/1014187","Yestai Byerkyenbay-uly"
"http://data.carnegiehall.org/names/1014189","J. Frank Frysinger"
"http://data.carnegiehall.org/names/1014174","Michael Christopher"
"http://data.carnegiehall.org/names/1014175","Kati Agocs"
"http://data.carnegiehall.org/names/1014176","Vicente Asencio"
"http://data.carnegiehall.org/names/1014179","Julie Cooper"
"http://data.carnegiehall.org/names/1014180","George Stiles"
"http://data.carnegiehall.org/names/1014163","Mil Villareal"
"http://data.carnegiehall.org/names/1014164","Kix Brooks"
"http://data.carnegiehall.org/names/1014166","Dodgie Simon"
"http://data.carnegiehall.org/names/1014170","Štepán Rak"
"http://data.carnegiehall.org/names/1014171","Ulf Grahn"
"http://data.carnegiehall.org/names/1014172","Andrián Pertout"
"http://data.carnegiehall.org/names/1014155","David Catherwood"
"http://data.carnegiehall.org/names/1014156","Laurie Klein"
"http://data.carnegiehall.org/names/1014157","Kiyoung Kim"
"http://data.carnegiehall.org/names/1014160","Julian Felipe"
"http://data.carnegiehall.org/names/1014161","Gary Granada"
"http://data.carnegiehall.org/names/1014162","Hilarion Rubio"
"http://data.carnegiehall.org/names/1014143","Elaine Agnew"
"http://data.carnegiehall.org/names/1014144","Derek Ball"
"http://data.carnegiehall.org/names/1014147","Linda Buckley"
"http://data.carnegiehall.org/names/1014148","Avery Robinson"
"http://data.carnegiehall.org/names/1014151","Lotta Wennäkoski"
"http://data.carnegiehall.org/names/1014154","Percy Wenrich"
"http://data.carnegiehall.org/names/1014136","Caco Velho-Piratini"
"http://data.carnegiehall.org/names/1014137","Paulo de Carvalho"
"http://data.carnegiehall.org/names/1014138","Pedro Rodrigues"
"http://data.carnegiehall.org/names/1014139","Jose Magala"
"http://data.carnegiehall.org/names/1014140","Rui Veloso"
"http://data.carnegiehall.org/names/1014141","Alberto Janes"
"http://data.carnegiehall.org/names/1014130","Mischa Spoliansky"
"http://data.carnegiehall.org/names/1014131","Thomas Coates"
"http://data.carnegiehall.org/names/1014132","Edgardo Del Valle de Paz"
"http://data.carnegiehall.org/names/1014133","Joaquim Frederico de Brito"
"http://data.carnegiehall.org/names/1014134","Alain Oulman"
"http://data.carnegiehall.org/names/1014135","Mario Pacheco"
"http://data.carnegiehall.org/names/1014121","Sidney Nelson"
"http://data.carnegiehall.org/names/1014123","Gaston Lemaire"
"http://data.carnegiehall.org/names/1014125","Leanna Kirchoff"
"http://data.carnegiehall.org/names/1014126","Christina Whitten Thomas"
"http://data.carnegiehall.org/names/1014128","Rudolf Holzmann"
"http://data.carnegiehall.org/names/1014129","Hans Helfritz"
"http://data.carnegiehall.org/names/1014114","Arthur Dunham"
"http://data.carnegiehall.org/names/1014116","Phillip McIntyre"
"http://data.carnegiehall.org/names/1014117","Chia-Ying Chiang"
"http://data.carnegiehall.org/names/1014118","Linda Holland"
"http://data.carnegiehall.org/names/1014119","R. Riela"
"http://data.carnegiehall.org/names/1014120","Salvador Brotons"
"http://data.carnegiehall.org/names/1014100","Jong Moon Kim"
"http://data.carnegiehall.org/names/1014101","L. L. (Leander Lycurgus) Pickett"
"http://data.carnegiehall.org/names/1014107","Jung Ho Kim"
"http://data.carnegiehall.org/names/1014109","Michael Abels"
"http://data.carnegiehall.org/names/1014110","George Schleiffarth"
"http://data.carnegiehall.org/names/1014113","Oscar Meyer"
"http://data.carnegiehall.org/names/1014094","[first name unknown] Karm"
"http://data.carnegiehall.org/names/1014095","Henry Frantzen"
"http://data.carnegiehall.org/names/1014096","Russell Alexander"
"http://data.carnegiehall.org/names/1014097","James M. Black"
"http://data.carnegiehall.org/names/1014098","Dony McGuire"
"http://data.carnegiehall.org/names/1014099","Dong Sung Kim"
"http://data.carnegiehall.org/names/1014087","James I. Russell"
"http://data.carnegiehall.org/names/1014088","[first name unknown] Stern"
"http://data.carnegiehall.org/names/1014089","Cuthbert Clarke"
"http://data.carnegiehall.org/names/1014090","Julius Wibergh"
"http://data.carnegiehall.org/names/1014091","[first name unknown] Bengtson"
"http://data.carnegiehall.org/names/1014092","[first name unknown] Jahnke"
"http://data.carnegiehall.org/names/1014081","Shirley Eikhard"
"http://data.carnegiehall.org/names/1014082","Charles R. Grean"
"http://data.carnegiehall.org/names/1014083","Gary Portnoy"
"http://data.carnegiehall.org/names/1014084","Enrique Garcia"
"http://data.carnegiehall.org/names/1014085","John Keegan"
"http://data.carnegiehall.org/names/1014086","James M. Fulton"
"http://data.carnegiehall.org/names/1014073","[first name unknown] Wolfsohn"
"http://data.carnegiehall.org/names/1014074","Saul Hurwitz"
"http://data.carnegiehall.org/names/1014075","Jorge Montilla"
"http://data.carnegiehall.org/names/1014076","George David Weiss"
"http://data.carnegiehall.org/names/1014077","Bob Crewe"
"http://data.carnegiehall.org/names/1014078","Wayland Holyfield"
"http://data.carnegiehall.org/names/1014067","Giacomo Setaccioli"
"http://data.carnegiehall.org/names/1014068","F. S. (Francesco Saverio) Collina"
"http://data.carnegiehall.org/names/1014069","Eugenio Sorrentino"
"http://data.carnegiehall.org/names/1014070","Manoel Dias de Oliveira"
"http://data.carnegiehall.org/names/1014071","Noel Rosa"
"http://data.carnegiehall.org/names/1014072","[first name unknown] De Lupo"
"http://data.carnegiehall.org/names/1014061","Andreas Randel"
"http://data.carnegiehall.org/names/1014062","A.E. Henrich"
"http://data.carnegiehall.org/names/1014063","August Ekenberg"
"http://data.carnegiehall.org/names/1014064","Johann Gustav Kjellberg"
"http://data.carnegiehall.org/names/1014065","[first name unknown] Oust"
"http://data.carnegiehall.org/names/1014066","P.W. Halton"
"http://data.carnegiehall.org/names/1014054","I. Bommer"
"http://data.carnegiehall.org/names/1014055","Johann Heinrich Walch"
"http://data.carnegiehall.org/names/1014056","Oliver Holden"
"http://data.carnegiehall.org/names/1014058","Gerald Griffin"
"http://data.carnegiehall.org/names/1014059","Annie Fortescue Harrison"
"http://data.carnegiehall.org/names/1014060","Melville Gideon"
"http://data.carnegiehall.org/names/1014044","[first name unknown] Morgan"
"http://data.carnegiehall.org/names/1014045","William Brooks"
"http://data.carnegiehall.org/names/1014047","John M. Pearce"
"http://data.carnegiehall.org/names/1014049","Jeff Raheb"
"http://data.carnegiehall.org/names/1014050","Vinicius de Moraes"
"http://data.carnegiehall.org/names/1014053","Hiromori Hayashi"
"http://data.carnegiehall.org/names/1014037","William Wolstenholme"
"http://data.carnegiehall.org/names/1014038","[first name unknown] Aldrich"
"http://data.carnegiehall.org/names/1014039","Arthur Brown"
"http://data.carnegiehall.org/names/1014040","[first name unknown] Maxon"
"http://data.carnegiehall.org/names/1014041","[first name unknown] Stephens"
"http://data.carnegiehall.org/names/1014042","Wladyslaw Górski"
"http://data.carnegiehall.org/names/1014029","Ernst Wendel"
"http://data.carnegiehall.org/names/1014030","[first name unknown] Koppitz"
"http://data.carnegiehall.org/names/1014032","H.L. Brainard"
"http://data.carnegiehall.org/names/1014033","George Vincent"
"http://data.carnegiehall.org/names/1014034","F. Debois"
"http://data.carnegiehall.org/names/1014035","Tommy Boyce"
"http://data.carnegiehall.org/names/1014022","[first name unknown] Lautner"
"http://data.carnegiehall.org/names/1014024","Thomas Price"
"http://data.carnegiehall.org/names/1014025","Diego Pisador"
"http://data.carnegiehall.org/names/1014026","Gabriel Olaizola"
"http://data.carnegiehall.org/names/1014027","Edmundo Zaldivar"
"http://data.carnegiehall.org/names/1014028","Stanley Myers"
"http://data.carnegiehall.org/names/1014016","Max Hoffman"
"http://data.carnegiehall.org/names/1014017","[first name unknown] Demare"
"http://data.carnegiehall.org/names/1014018","Bernard Phelps"
"http://data.carnegiehall.org/names/1014019","Thomas Preston Brooke"
"http://data.carnegiehall.org/names/1014020","James W. Casey"
"http://data.carnegiehall.org/names/1014021","[first name unknown] Weissman"
"http://data.carnegiehall.org/names/1014009","August Spanuth"
"http://data.carnegiehall.org/names/1014010","Richard Edwards"
"http://data.carnegiehall.org/names/1014011","Gerald Lane"
"http://data.carnegiehall.org/names/1014012","Orion R. Farrar"
"http://data.carnegiehall.org/names/1014013","Richard Harvey"
"http://data.carnegiehall.org/names/1014014","Rory Dall O'Cahan"
"http://data.carnegiehall.org/names/1014002","Henry E. Pether"
"http://data.carnegiehall.org/names/1014003","Ludwig Wilhelm August Lagercrantz"
"http://data.carnegiehall.org/names/1014004","Dominik Ertl"
"http://data.carnegiehall.org/names/1014007","Gustav Rebling"
"http://data.carnegiehall.org/names/1014008","Karl August Krebs"
"http://data.carnegiehall.org/names/1013995","Tomas de Santa Maria"
"http://data.carnegiehall.org/names/1013996","Denis Gaultier"
"http://data.carnegiehall.org/names/1013997","Rosa García Ascot"
"http://data.carnegiehall.org/names/1013999","William Frederick Peters"
"http://data.carnegiehall.org/names/1014000","[first name unknown] Seltzer"
"http://data.carnegiehall.org/names/1014001","Clare Kummer"
"http://data.carnegiehall.org/names/1013988","A. Feist"
"http://data.carnegiehall.org/names/1013989","Fritz Volbach"
"http://data.carnegiehall.org/names/1013990","[first name unknown] Lubomirsky"
"http://data.carnegiehall.org/names/1013991","Garrett Colley Wellesley, Earl of Mornington"
"http://data.carnegiehall.org/names/1013992","Dox Cruger"
"http://data.carnegiehall.org/names/1013993","William T. Francis"
"http://data.carnegiehall.org/names/1013972","Hans Heun"
"http://data.carnegiehall.org/names/1013975","Ray Alfred"
"http://data.carnegiehall.org/names/1013982","Dave Dreyer"
"http://data.carnegiehall.org/names/1013983","Paul Henning"
"http://data.carnegiehall.org/names/1013985","Eden Ahbez"
"http://data.carnegiehall.org/names/1013987","Carl Haug"
"http://data.carnegiehall.org/names/1011516","Kaoru Watanabe"
"http://data.carnegiehall.org/names/1011517","Roetsu Tosha"
"http://data.carnegiehall.org/names/1011518","Saichiko Abe"
"http://data.carnegiehall.org/names/1013964","Ruth Lowe"
"http://data.carnegiehall.org/names/1013966","Mel Mitchell"
"http://data.carnegiehall.org/names/1013971","Helmut Bogenhardt"
"http://data.carnegiehall.org/names/1011509","Julius Reubke"
"http://data.carnegiehall.org/names/1011511","Tiziano Bedetti"
"http://data.carnegiehall.org/names/1011512","Luciano Chailly"
"http://data.carnegiehall.org/names/1011513","Romeo Franzoni"
"http://data.carnegiehall.org/names/1011514","Johan Emil Kauppi"
"http://data.carnegiehall.org/names/1011515","Brian Robison"
"http://data.carnegiehall.org/names/1011503","Geoffrey Bush"
"http://data.carnegiehall.org/names/1011504","Bruno Bjelinski"
"http://data.carnegiehall.org/names/1011505","Ju Lin"
"http://data.carnegiehall.org/names/1011506","James McMillan"
"http://data.carnegiehall.org/names/1011507","William Toutant"
"http://data.carnegiehall.org/names/1011508","Daniel Kessner"
"http://data.carnegiehall.org/names/1011496","Andy Gibson"
"http://data.carnegiehall.org/names/1011497","Ming-Yuan Liu"
"http://data.carnegiehall.org/names/1011499","Matthew Tommasini"
"http://data.carnegiehall.org/names/1011500","[first name unknown] Carosio"
"http://data.carnegiehall.org/names/1011501","[first name unknown] Racca"
"http://data.carnegiehall.org/names/1011502","[first name unknown] Delys"
"http://data.carnegiehall.org/names/1011489","Hildegard of Bingen"
"http://data.carnegiehall.org/names/1011490","Alberto Grau"
"http://data.carnegiehall.org/names/1011491","Daniel J. Hall"
"http://data.carnegiehall.org/names/1011492","M. Roger Holland II"
"http://data.carnegiehall.org/names/1011493","Wayland Rogers"
"http://data.carnegiehall.org/names/1011494","Pretorian Vlaiculescu"
"http://data.carnegiehall.org/names/1011480","Stephen Smith"
"http://data.carnegiehall.org/names/1011484","Jeffrey Van"
"http://data.carnegiehall.org/names/1011485","Jorge Cordoba Valencia"
"http://data.carnegiehall.org/names/1011486","Alf Houkom"
"http://data.carnegiehall.org/names/1011487","[first name unknown] Saro"
"http://data.carnegiehall.org/names/1011488","Andrzej Koszewski"
"http://data.carnegiehall.org/names/1011474","Charles L. Johnson"
"http://data.carnegiehall.org/names/1011475","Thomas Jennefelt"
"http://data.carnegiehall.org/names/1011476","Bo Holten"
"http://data.carnegiehall.org/names/1011477","Antonio Rosso"
"http://data.carnegiehall.org/names/1011478","Matthew Larkin"
"http://data.carnegiehall.org/names/1011479","Eva Ugalde"
"http://data.carnegiehall.org/names/1011467","Martin Kutnowski"
"http://data.carnegiehall.org/names/1011468","Aldo Solito de Solis"
"http://data.carnegiehall.org/names/1011470","Andrew R. Noble"
"http://data.carnegiehall.org/names/1011471","Ron Bowlin"
"http://data.carnegiehall.org/names/1011472","Amaral Vieira"
"http://data.carnegiehall.org/names/1011473","Paul Ayres"
"http://data.carnegiehall.org/names/1011456","Eddie Harris"
"http://data.carnegiehall.org/names/1011458","Vladimir Cosma"
"http://data.carnegiehall.org/names/1011459","Leroy Osmon"
"http://data.carnegiehall.org/names/1011460","Mike Tomaro"
"http://data.carnegiehall.org/names/1011461","Sean Hickey"
"http://data.carnegiehall.org/names/1011466","Pamela Baskin-Watson"
"http://data.carnegiehall.org/names/1011449","Luvsnjambyn Mordorj"
"http://data.carnegiehall.org/names/1011450","Ts. Chinzorig"
"http://data.carnegiehall.org/names/1011451","Jamiyangiin Chuluun"
"http://data.carnegiehall.org/names/1011452","Ts. Sukhbaatar"
"http://data.carnegiehall.org/names/1011453","B. Byambabayar"
"http://data.carnegiehall.org/names/1011454","Steven J. Smith"
"http://data.carnegiehall.org/names/1011440","Bernard Lorenziti"
"http://data.carnegiehall.org/names/1011441","G. Lasca"
"http://data.carnegiehall.org/names/1011443","Yinam Leef"
"http://data.carnegiehall.org/names/1011444","[first name unknown] Glansburg"
"http://data.carnegiehall.org/names/1011447","Natsagiin Jantsannorov"
"http://data.carnegiehall.org/names/1011448","Sembiin Gonchigsumla"
"http://data.carnegiehall.org/names/1011434","Dave Ringle"
"http://data.carnegiehall.org/names/1011435","Lu Watters"
"http://data.carnegiehall.org/names/1011436","Joseph White"
"http://data.carnegiehall.org/names/1011437","[first name unknown] Dmitrieff"
"http://data.carnegiehall.org/names/1011438","A. Lorenzi"
"http://data.carnegiehall.org/names/1011439","Luigi Borghi"
"http://data.carnegiehall.org/names/1011423","Gaetano Brunetti"
"http://data.carnegiehall.org/names/1011424","Hankun Sha"
"http://data.carnegiehall.org/names/1011425","Kun Woo Li"
"http://data.carnegiehall.org/names/1011426","Cliff Burwell"
"http://data.carnegiehall.org/names/1011431","George L. Cobb"
"http://data.carnegiehall.org/names/1011432","George Perry"
"http://data.carnegiehall.org/names/1011417","Chuck Mymit"
"http://data.carnegiehall.org/names/1011418","Fabrizio Festa"
"http://data.carnegiehall.org/names/1011419","I. Lisak"
"http://data.carnegiehall.org/names/1011420","Jon Bailey"
"http://data.carnegiehall.org/names/1011421","Walter Afanasieff"
"http://data.carnegiehall.org/names/1011422","Romuald Twardowski"
"http://data.carnegiehall.org/names/1011407","Aleksandr Aslanov"
"http://data.carnegiehall.org/names/1011408","Roberto Remondi"
"http://data.carnegiehall.org/names/1011410","[first name unknown] Pessagna"
"http://data.carnegiehall.org/names/1011412","Henry Glover"
"http://data.carnegiehall.org/names/1011415","Hjalmar Borgstrøm"
"http://data.carnegiehall.org/names/1011416","C. Gilbert"
"http://data.carnegiehall.org/names/1011395","James A. ""Jiggs"" Noble"
"http://data.carnegiehall.org/names/1011396","Augustinus Franz Kropfreiter"
"http://data.carnegiehall.org/names/1011397","Eduard Ebel"
"http://data.carnegiehall.org/names/1011398","John Coppola"
"http://data.carnegiehall.org/names/1011404","Fleecie Moore"
"http://data.carnegiehall.org/names/1011406","Adone Zecchi"
"http://data.carnegiehall.org/names/1011385","Georgie Stoll"
"http://data.carnegiehall.org/names/1011387","Frankie Carle"
"http://data.carnegiehall.org/names/1011390","Kenny Graham"
"http://data.carnegiehall.org/names/1011391","Johnny Hawksworth"
"http://data.carnegiehall.org/names/1011392","Victor Schertzinger"
"http://data.carnegiehall.org/names/1011393","A. Harrington Gibbs"
"http://data.carnegiehall.org/names/1011373","Karl Kroeger"
"http://data.carnegiehall.org/names/1011375","Paul Barbarin"
"http://data.carnegiehall.org/names/1011378","Walter Marks"
"http://data.carnegiehall.org/names/1011379","Ervin Drake"
"http://data.carnegiehall.org/names/1011380","Mikhail Bronner"
"http://data.carnegiehall.org/names/1011381","Philip Rothman"
"http://data.carnegiehall.org/names/1011366","Ivan Kozlovsky"
"http://data.carnegiehall.org/names/1011367","Theodore Morrison"
"http://data.carnegiehall.org/names/1011369","Carlos Fariñas"
"http://data.carnegiehall.org/names/1011370","Marta Ptaszynska"
"http://data.carnegiehall.org/names/1011371","Wolfgang Jacobi"
"http://data.carnegiehall.org/names/1011372","Paul Amadeus Pisk"
"http://data.carnegiehall.org/names/1011359","J.A. Hillerud"
"http://data.carnegiehall.org/names/1011360","H. Boerema"
"http://data.carnegiehall.org/names/1011361","Flor van Duyse"
"http://data.carnegiehall.org/names/1011362","James D. Vaughan"
"http://data.carnegiehall.org/names/1011363","Alex Rogers"
"http://data.carnegiehall.org/names/1011364","Alexander Gurilyov"
"http://data.carnegiehall.org/names/1011350","Robert Alexander"
"http://data.carnegiehall.org/names/1011352","[first name unknown] Bermont"
"http://data.carnegiehall.org/names/1011353","A. Brand"
"http://data.carnegiehall.org/names/1011354","Charles Lenepveu"
"http://data.carnegiehall.org/names/1011355","Edward Smollet"
"http://data.carnegiehall.org/names/1011358","G. Malcolm"
"http://data.carnegiehall.org/names/1011343","Sarana Tzu-Ling Chou"
"http://data.carnegiehall.org/names/1011345","Arthur Willner"
"http://data.carnegiehall.org/names/1011346","Marcel Rubin"
"http://data.carnegiehall.org/names/1011347","Theodor W. Adorno"
"http://data.carnegiehall.org/names/1011348","George Jokl"
"http://data.carnegiehall.org/names/1011349","Julius Buchwald"
"http://data.carnegiehall.org/names/1011335","Claibe Richardson"
"http://data.carnegiehall.org/names/1011336","Mary Rodgers"
"http://data.carnegiehall.org/names/1011337","Vladimir Mendelssohn"
"http://data.carnegiehall.org/names/1011340","Jon Magnussen"
"http://data.carnegiehall.org/names/1011342","Boudewijn Cox"
"http://data.carnegiehall.org/names/1011310","Sadie Harrison"
"http://data.carnegiehall.org/names/1011313","Danilo Aviles"
"http://data.carnegiehall.org/names/1011315","[first name unknown] Bodenhorn"
"http://data.carnegiehall.org/names/1011323","Arnold Freed"
"http://data.carnegiehall.org/names/1011330","Johann Ludwig Krebs"
"http://data.carnegiehall.org/names/1011332","Emils Darzins"
"http://data.carnegiehall.org/names/1011287","Jeffrey Rickard"
"http://data.carnegiehall.org/names/1011291","Johann Baptist Cramer"
"http://data.carnegiehall.org/names/1011293","Sydney Hodkinson"
"http://data.carnegiehall.org/names/1011294","Davide Zannoni"
"http://data.carnegiehall.org/names/1011298","Paolo Citorella"
"http://data.carnegiehall.org/names/1011300","Alex Hills"
"http://data.carnegiehall.org/names/1011272","Alan Austin Scott"
"http://data.carnegiehall.org/names/1011275","Jaap Geraedts"
"http://data.carnegiehall.org/names/1011277","Franz Schubert"
"http://data.carnegiehall.org/names/1011279","Walter Helfer"
"http://data.carnegiehall.org/names/1011284","James Mobberley"
"http://data.carnegiehall.org/names/1011285","Mark Wingate"
"http://data.carnegiehall.org/names/1011260","S. Edmund"
"http://data.carnegiehall.org/names/1011261","William Harper"
"http://data.carnegiehall.org/names/1011262","Tatsunosuke Koshitani"
"http://data.carnegiehall.org/names/1011263","David Shire"
"http://data.carnegiehall.org/names/1011266","Matt Dennis"
"http://data.carnegiehall.org/names/1011271","Ricky Lombardo"
"http://data.carnegiehall.org/names/1011215","Albee Barr"
"http://data.carnegiehall.org/names/1011222","Jeong Jun An"
"http://data.carnegiehall.org/names/1011229","Lance Hulme"
"http://data.carnegiehall.org/names/1011237","Maurice Thiriet"
"http://data.carnegiehall.org/names/1011258","Yuji Koseki"
"http://data.carnegiehall.org/names/1011259","Lee Ching Kwang"
"http://data.carnegiehall.org/names/1011201","Henry Nemo"
"http://data.carnegiehall.org/names/1011202","Salvadore Poe"
"http://data.carnegiehall.org/names/1011203","Leonard Velazquez"
"http://data.carnegiehall.org/names/1011207","Thomas V. Short"
"http://data.carnegiehall.org/names/1011212","Charles H. Gabriel"
"http://data.carnegiehall.org/names/1011214","Walt Harrah"
"http://data.carnegiehall.org/names/1011189","Francois Dagincourt"
"http://data.carnegiehall.org/names/1011190","Frank J. Oteri"
"http://data.carnegiehall.org/names/1011191","Elias Bronnemuller"
"http://data.carnegiehall.org/names/1011193","Victoria Nudel"
"http://data.carnegiehall.org/names/1011195","Riccardo Broschi"
"http://data.carnegiehall.org/names/1011199","Mark Klingman"
"http://data.carnegiehall.org/names/1011164","James Borchers"
"http://data.carnegiehall.org/names/1011165","Jonathan Meci"
"http://data.carnegiehall.org/names/1011167","Sigurd von Koch"
"http://data.carnegiehall.org/names/1011175","George Wetzel"
"http://data.carnegiehall.org/names/1011180","Raymond Rasberry"
"http://data.carnegiehall.org/names/1011181","Margaret Douroux"
"http://data.carnegiehall.org/names/1011153","Leroy Carr"
"http://data.carnegiehall.org/names/1011155","J.W. Lerman"
"http://data.carnegiehall.org/names/1011156","Theodor Kullak"
"http://data.carnegiehall.org/names/1011157","Julio de Caro"
"http://data.carnegiehall.org/names/1011158","Aquiles Roggero"
"http://data.carnegiehall.org/names/1011163","Joshua H. Saulle"
"http://data.carnegiehall.org/names/1011122","Daniel Vetter"
"http://data.carnegiehall.org/names/1011126","Gaetano Braga"
"http://data.carnegiehall.org/names/1011129","Jean Clerque"
"http://data.carnegiehall.org/names/1011133","Alex Shapiro"
"http://data.carnegiehall.org/names/1011134","John Burge"
"http://data.carnegiehall.org/names/1011151","Jimmie Rodgers"
"http://data.carnegiehall.org/names/1011114","Nathan DiGesare"
"http://data.carnegiehall.org/names/1011115","Randy Vader"
"http://data.carnegiehall.org/names/1011117","Matthew Halper"
"http://data.carnegiehall.org/names/1011118","Roberto Molinelli"
"http://data.carnegiehall.org/names/1011119","Roberto Mazzanti"
"http://data.carnegiehall.org/names/1011121","Tony Finno"
"http://data.carnegiehall.org/names/1011100","Jiaqi Zhu"
"http://data.carnegiehall.org/names/1011101","Melissa Shiflett"
"http://data.carnegiehall.org/names/1011103","Giorgios Koumendakis"
"http://data.carnegiehall.org/names/1011105","Adam Roberts"
"http://data.carnegiehall.org/names/1011111","Fuminori Tanada"
"http://data.carnegiehall.org/names/1011113","Janet McMahan-Wilson"
"http://data.carnegiehall.org/names/1011094","Owen Goldsmith"
"http://data.carnegiehall.org/names/1011095","Yvette Souviron"
"http://data.carnegiehall.org/names/1011096","Ruben Urbiztondo"
"http://data.carnegiehall.org/names/1011097","Amy Denio"
"http://data.carnegiehall.org/names/1011098","Michael Klingbeil"
"http://data.carnegiehall.org/names/1011099","Yongxi Huang"
"http://data.carnegiehall.org/names/1011082","Michael Chiang"
"http://data.carnegiehall.org/names/1011086","Mundell Lowe"
"http://data.carnegiehall.org/names/1011088","Sherman Fellar"
"http://data.carnegiehall.org/names/1011089","Ciriaco de Jesús Alas"
"http://data.carnegiehall.org/names/1011092","Gunhild Glass"
"http://data.carnegiehall.org/names/1011093","Juan Araujo"
"http://data.carnegiehall.org/names/1011072","Michael Moores"
"http://data.carnegiehall.org/names/1011073","Antonio Jose"
"http://data.carnegiehall.org/names/1011074","Wolfgang Florey"
"http://data.carnegiehall.org/names/1011075","Dan Dediu"
"http://data.carnegiehall.org/names/1011077","Theo Loevendie"
"http://data.carnegiehall.org/names/1011079","Vagarshak Kotoyan"
"http://data.carnegiehall.org/names/1011066","Marijan Lipovsek"
"http://data.carnegiehall.org/names/1011067","Just Aduo"
"http://data.carnegiehall.org/names/1011068","Peter Sadlo"
"http://data.carnegiehall.org/names/1011069","Jeffrey Hoover"
"http://data.carnegiehall.org/names/1011070","Phillip Kent Bimstein"
"http://data.carnegiehall.org/names/1011071","Keith Bradshaw"
"http://data.carnegiehall.org/names/1011058","Haihuai Huang"
"http://data.carnegiehall.org/names/1011059","Wenjin Liu"
"http://data.carnegiehall.org/names/1011060","Shiye Zhang"
"http://data.carnegiehall.org/names/1011061","Ming Guan"
"http://data.carnegiehall.org/names/1011062","Margaret De Wys"
"http://data.carnegiehall.org/names/1011065","Richard Beaudoin"
"http://data.carnegiehall.org/names/1011045","Unsuk Chin"
"http://data.carnegiehall.org/names/1011047","Oskar Rieding"
"http://data.carnegiehall.org/names/1011050","James Pywell"
"http://data.carnegiehall.org/names/1011052","Barry Russell"
"http://data.carnegiehall.org/names/1011053","Menachem Wiesenberg"
"http://data.carnegiehall.org/names/1011057","Rirong Lu"
"http://data.carnegiehall.org/names/1011039","Ka Nin Chan"
"http://data.carnegiehall.org/names/1011040","[first name unknown] Schmidt"
"http://data.carnegiehall.org/names/1011041","[first name unknown] Rouli"
"http://data.carnegiehall.org/names/1011042","Merab Parzhaladze"
"http://data.carnegiehall.org/names/1011043","[first name unknown] Hohm"
"http://data.carnegiehall.org/names/1011044","[first name unknown] Danela"
"http://data.carnegiehall.org/names/1011025","Renee Favand"
"http://data.carnegiehall.org/names/1011026","Daniel Sutton"
"http://data.carnegiehall.org/names/1011028","Marie Seuel-Holst"
"http://data.carnegiehall.org/names/1011029","[first name unknown] Hawkes"
"http://data.carnegiehall.org/names/1011037","Narita Kadzuo"
"http://data.carnegiehall.org/names/1011038","Hubert Giraud"
"http://data.carnegiehall.org/names/1011015","Carol Klose"
"http://data.carnegiehall.org/names/1011019","David Kneupper"
"http://data.carnegiehall.org/names/1011020","Daniel Kellogg"
"http://data.carnegiehall.org/names/1011021","Thomas Albert"
"http://data.carnegiehall.org/names/1011023","Adam Silverman"
"http://data.carnegiehall.org/names/1011024","Roshanne Etezady"
"http://data.carnegiehall.org/names/1011008","[first name unknown] Faerand"
"http://data.carnegiehall.org/names/1011010","Gustav Pressel"
"http://data.carnegiehall.org/names/1011011","[first name unknown] House"
"http://data.carnegiehall.org/names/1011012","Paul Eno"
"http://data.carnegiehall.org/names/1011013","Bill Boyd"
"http://data.carnegiehall.org/names/1011014","Fred Kern"
"http://data.carnegiehall.org/names/1010995","Stella Sung"
"http://data.carnegiehall.org/names/1010996","Ralph W. Whitfield"
"http://data.carnegiehall.org/names/1010997","Dean Kay"
"http://data.carnegiehall.org/names/1011003","Niki Manavi"
"http://data.carnegiehall.org/names/1011004","Hooper Dunbar"
"http://data.carnegiehall.org/names/1011007","Frederick J. Bacon"
"http://data.carnegiehall.org/names/1010986","Lucio Dalla"
"http://data.carnegiehall.org/names/1010989","Diane Warren"
"http://data.carnegiehall.org/names/1010990","Alistair Gordon"
"http://data.carnegiehall.org/names/1010991","Mel Cangurel"
"http://data.carnegiehall.org/names/1010993","Se Enkhbayar"
"http://data.carnegiehall.org/names/1010994","Scott MacMillan"
"http://data.carnegiehall.org/names/1010972","Gene Scheer"
"http://data.carnegiehall.org/names/1010978","Herbert Bielawa"
"http://data.carnegiehall.org/names/1010980","Joe Pace"
"http://data.carnegiehall.org/names/1010981","Rudoplh Stanfield"
"http://data.carnegiehall.org/names/1010982","Percy E. Gray Jr."
"http://data.carnegiehall.org/names/1010985","H.L. Walter"
"http://data.carnegiehall.org/names/1010962","Filippo Azzaiolo"
"http://data.carnegiehall.org/names/1010963","Juan del Encina"
"http://data.carnegiehall.org/names/1010964","Vache Sharafyan"
"http://data.carnegiehall.org/names/1010965","Jeeyoung Kim"
"http://data.carnegiehall.org/names/1010966","Peter Kiesewetter"
"http://data.carnegiehall.org/names/1010971","Will Taylor"
"http://data.carnegiehall.org/names/1010950","John Kaefer"
"http://data.carnegiehall.org/names/1010954","Alexander Raskatov"
"http://data.carnegiehall.org/names/1010956","Daqun Jia"
"http://data.carnegiehall.org/names/1010957","Dmitri Yanov-Yanovsky"
"http://data.carnegiehall.org/names/1010959","Byambasurengiin Sharav"
"http://data.carnegiehall.org/names/1010961","Jiping Zhao"
"http://data.carnegiehall.org/names/1010938","Earlene Rentz"
"http://data.carnegiehall.org/names/1010939","Memrie Innerarity"
"http://data.carnegiehall.org/names/1010940","Frank Longfield"
"http://data.carnegiehall.org/names/1010941","Andrew Boysen"
"http://data.carnegiehall.org/names/1010943","Daniel Ariel Fulmer"
"http://data.carnegiehall.org/names/1010946","Eric Tanguy"
"http://data.carnegiehall.org/names/1010925","Daniel Ramos"
"http://data.carnegiehall.org/names/1010926","Soichi Konagaya"
"http://data.carnegiehall.org/names/1010928","Joan Whitney"
"http://data.carnegiehall.org/names/1010931","Geoff Wilcken"
"http://data.carnegiehall.org/names/1010933","Ward Swingle"
"http://data.carnegiehall.org/names/1010937","Carole Stephens"
"http://data.carnegiehall.org/names/1010915","Karl Stiegger"
"http://data.carnegiehall.org/names/1010916","Joseph Compello"
"http://data.carnegiehall.org/names/1010918","Gary Kent Walth"
"http://data.carnegiehall.org/names/1010921","Hermann Schroeder"
"http://data.carnegiehall.org/names/1010922","[first name unknown] Osman"
"http://data.carnegiehall.org/names/1010924","Jefferson Todd Frazier"
"http://data.carnegiehall.org/names/1010908","Juraj Filas"
"http://data.carnegiehall.org/names/1010909","Djordje Novkovic"
"http://data.carnegiehall.org/names/1010910","Jaromir Vejvoda"
"http://data.carnegiehall.org/names/1010911","Julien Bouquet"
"http://data.carnegiehall.org/names/1010912","Norbert Glanzberg"
"http://data.carnegiehall.org/names/1010913","Claude Leveillee"
"http://data.carnegiehall.org/names/1010897","Derek Floyd"
"http://data.carnegiehall.org/names/1010898","George R. Poulton"
"http://data.carnegiehall.org/names/1010899","Douglas Richard"
"http://data.carnegiehall.org/names/1010901","Frank K. Dewald"
"http://data.carnegiehall.org/names/1010904","Rich McKinney"
"http://data.carnegiehall.org/names/1010905","Ed Henderson"
"http://data.carnegiehall.org/names/1010887","Bill Russell"
"http://data.carnegiehall.org/names/1010888","Anthony Cheung"
"http://data.carnegiehall.org/names/1010889","Julie Giroux"
"http://data.carnegiehall.org/names/1010891","L. C. Frazier"
"http://data.carnegiehall.org/names/1010895","Ngapo Wehi"
"http://data.carnegiehall.org/names/1010896","Paul Murtha"
"http://data.carnegiehall.org/names/1010875","Simeon Marsh"
"http://data.carnegiehall.org/names/1010876","Louis Cerruti"
"http://data.carnegiehall.org/names/1010880","Charlie Barnet"
"http://data.carnegiehall.org/names/1010881","Jimmy Eaton"
"http://data.carnegiehall.org/names/1010882","Lewis Allan"
"http://data.carnegiehall.org/names/1010885","Van Alexander"
"http://data.carnegiehall.org/names/1010868","Anne MacLeod"
"http://data.carnegiehall.org/names/1010869","Ben Steinburg"
"http://data.carnegiehall.org/names/1010871","Katie Moran Bart"
"http://data.carnegiehall.org/names/1010872","Joseph Philbrick Webster"
"http://data.carnegiehall.org/names/1010873","John R. Sweney"
"http://data.carnegiehall.org/names/1010874","Charles Zeuner"
"http://data.carnegiehall.org/names/1010860","Jakub Jan Ryba"
"http://data.carnegiehall.org/names/1010861","Ferdinand Doubravsky"
"http://data.carnegiehall.org/names/1010863","Marc-André Dalbavie"
"http://data.carnegiehall.org/names/1010866","Juli Garreta"
"http://data.carnegiehall.org/names/1010867","Linda Specacek"
"http://data.carnegiehall.org/names/1010850","Erich Walter Sternberg"
"http://data.carnegiehall.org/names/1010851","Jean-Louis Gobbaerts"
"http://data.carnegiehall.org/names/1010852","Renato Bellini"
"http://data.carnegiehall.org/names/1010853","Osman Pérez Freire"
"http://data.carnegiehall.org/names/1010858","Jan Campanus"
"http://data.carnegiehall.org/names/1010859","Jiri Linek"
"http://data.carnegiehall.org/names/1010843","Krikor Suni"
"http://data.carnegiehall.org/names/1010845","Josephine Lambdin Kay"
"http://data.carnegiehall.org/names/1010846","Constantin von Sternberg"
"http://data.carnegiehall.org/names/1010847","Giuseppe Verdi"
"http://data.carnegiehall.org/names/1010848","François-André Danican Philidor"
"http://data.carnegiehall.org/names/1010849","Jean Huré"
"http://data.carnegiehall.org/names/1010837","Lucio D. San Pedro"
"http://data.carnegiehall.org/names/1010838","Ernani Cuenco"
"http://data.carnegiehall.org/names/1010839","Clara Schumann"
"http://data.carnegiehall.org/names/1010840","Robert Ehle"
"http://data.carnegiehall.org/names/1010841","William Arms Fisher"
"http://data.carnegiehall.org/names/1010842","Rainer Bischof"
"http://data.carnegiehall.org/names/1010830","Francois Morel"
"http://data.carnegiehall.org/names/1010831","Hanns Eisler"
"http://data.carnegiehall.org/names/1010832","Leo Zimmerman"
"http://data.carnegiehall.org/names/1010834","Heinrich Strecker"
"http://data.carnegiehall.org/names/1010835","Emil Genetz"
"http://data.carnegiehall.org/names/1010836","Huang Shih"
"http://data.carnegiehall.org/names/1010820","Leslie Stuart"
"http://data.carnegiehall.org/names/1010821","Jonathan D. Kramer"
"http://data.carnegiehall.org/names/1010823","Wei-Ning Li"
"http://data.carnegiehall.org/names/1010825","Charles Tomlinson Griffes"
"http://data.carnegiehall.org/names/1010826","Joseph Hellmesberger"
"http://data.carnegiehall.org/names/1010827","Andrew Frank"
"http://data.carnegiehall.org/names/1010810","Julius Schulhoff"
"http://data.carnegiehall.org/names/1010811","Rezso Sugár"
"http://data.carnegiehall.org/names/1010813","Nikolai Lyubarsky"
"http://data.carnegiehall.org/names/1010814","Thomas G. Shepard"
"http://data.carnegiehall.org/names/1010815","Nadenenko"
"http://data.carnegiehall.org/names/1010816","Gustave Doret"
"http://data.carnegiehall.org/names/1010801","Eduardo Lakschevitz"
"http://data.carnegiehall.org/names/1010802","Javier Busto"
"http://data.carnegiehall.org/names/1010803","P.D.Q. Bach"
"http://data.carnegiehall.org/names/1010805","Dorothy Cadzow"
"http://data.carnegiehall.org/names/1010806","Harry Owens"
"http://data.carnegiehall.org/names/1010807","Gordon Sherwood"
"http://data.carnegiehall.org/names/1010793","[first name unknown] Newman"
"http://data.carnegiehall.org/names/1010794","Hyun Lee"
"http://data.carnegiehall.org/names/1010795","Won H. Kim"
"http://data.carnegiehall.org/names/1010798","[first name unknown] Swain"
"http://data.carnegiehall.org/names/1010799","Filip Kutev"
"http://data.carnegiehall.org/names/1010800","Enrique Sanchez"
"http://data.carnegiehall.org/names/1010784","Antonia Cifra"
"http://data.carnegiehall.org/names/1010785","Seymour Miller"
"http://data.carnegiehall.org/names/1010786","Alfred Newman"
"http://data.carnegiehall.org/names/1010789","Rocco Trimarchi"
"http://data.carnegiehall.org/names/1010790","Donald Stratton"
"http://data.carnegiehall.org/names/1010791","Peggy Stewart Coolidge"
"http://data.carnegiehall.org/names/1010778","Gustaf Noren"
"http://data.carnegiehall.org/names/1010779","[first name unknown] Scott"
"http://data.carnegiehall.org/names/1010780","Greg Bullen"
"http://data.carnegiehall.org/names/1010781","Allen Gimbel"
"http://data.carnegiehall.org/names/1010782","Koutou Fujio"
"http://data.carnegiehall.org/names/1010783","Toshiyuki Ozaki"
"http://data.carnegiehall.org/names/1010766","Nikolaus Decius"
"http://data.carnegiehall.org/names/1010769","Edvard Moritz"
"http://data.carnegiehall.org/names/1010771","[first name unknown] Ovadia"
"http://data.carnegiehall.org/names/1010774","[first name unknown] Martin"
"http://data.carnegiehall.org/names/1010776","Johann Gottlieb Graun"
"http://data.carnegiehall.org/names/1010777","Armen Smbatian"
"http://data.carnegiehall.org/names/1010758","Paul Constantinescu"
"http://data.carnegiehall.org/names/1010760","Melinda Wagner"
"http://data.carnegiehall.org/names/1010761","[first name unknown] Samuels"
"http://data.carnegiehall.org/names/1010763","Egon Kornauth"
"http://data.carnegiehall.org/names/1010764","Arthur Samuels"
"http://data.carnegiehall.org/names/1010765","George Hopkins"
"http://data.carnegiehall.org/names/1010752","Eleanor Sigal"
"http://data.carnegiehall.org/names/1010753","Déodat de Sévérac"
"http://data.carnegiehall.org/names/1010754","Richard Lane"
"http://data.carnegiehall.org/names/1010755","John Frandsen"
"http://data.carnegiehall.org/names/1010756","P. P. (Philip Paul) Bliss"
"http://data.carnegiehall.org/names/1010757","Juan Ramón Balseiro"
"http://data.carnegiehall.org/names/1010745","Antonio Sacchini"
"http://data.carnegiehall.org/names/1010746","Julius Eichberg"
"http://data.carnegiehall.org/names/1010747","Anna Ringler"
"http://data.carnegiehall.org/names/1010749","Tom J. Flannagan"
"http://data.carnegiehall.org/names/1010750","Angelo Musolino"
"http://data.carnegiehall.org/names/1010751","[first name unknown] Greenfeld"
"http://data.carnegiehall.org/names/1010739","Wilhelm Peterson-Berger"
"http://data.carnegiehall.org/names/1010740","Carlo Antonio Benati"
"http://data.carnegiehall.org/names/1010741","Daniel-Francois-Esprit Auber"
"http://data.carnegiehall.org/names/1010742","Emanuel Amiran-Pugachov"
"http://data.carnegiehall.org/names/1010744","Francesco da Milano"
"http://data.carnegiehall.org/names/1010727","Joseph Wood"
"http://data.carnegiehall.org/names/1010729","Carl Philipp Emanuel Bach"
"http://data.carnegiehall.org/names/1010731","Jacques Féréol Mazas"
"http://data.carnegiehall.org/names/1010732","Giaches de Wert"
"http://data.carnegiehall.org/names/1010733","Adrian Willaert"
"http://data.carnegiehall.org/names/1010736","Theodore Newman"
"http://data.carnegiehall.org/names/1010720","Etienne-Nicolas Méhul"
"http://data.carnegiehall.org/names/1010721","Marjorie Merryman"
"http://data.carnegiehall.org/names/1010722","Warren Herbert Belyea"
"http://data.carnegiehall.org/names/1010724","Vito Frazzi"
"http://data.carnegiehall.org/names/1010725","Pavlos Carrer"
"http://data.carnegiehall.org/names/1010726","Vasily Sapellnikov"
"http://data.carnegiehall.org/names/1010713","David MacIntyre"
"http://data.carnegiehall.org/names/1010714","Delmar Molarsky"
"http://data.carnegiehall.org/names/1010715","Jerry Fielding"
"http://data.carnegiehall.org/names/1010716","Russ Morgan"
"http://data.carnegiehall.org/names/1010717","Adolph Weiss"
"http://data.carnegiehall.org/names/1010719","Noel Zahler"
"http://data.carnegiehall.org/names/1010705","Hubert S. Howe Jr."
"http://data.carnegiehall.org/names/1010706","Lorenzo Palomo"
"http://data.carnegiehall.org/names/1010707","Warren Casey"
"http://data.carnegiehall.org/names/1010708","Réjean Marois"
"http://data.carnegiehall.org/names/1010709","W. Paschalon"
"http://data.carnegiehall.org/names/1010712","James Hewitt"
"http://data.carnegiehall.org/names/1010698","Ellis Kohs"
"http://data.carnegiehall.org/names/1010699","Periklis Koukos"
"http://data.carnegiehall.org/names/1010701","Jacobo Kostakowsky"
"http://data.carnegiehall.org/names/1010702","Albert Lister Peace"
"http://data.carnegiehall.org/names/1010703","William ""Mickey"" Stevenson"
"http://data.carnegiehall.org/names/1010704","Vladimir Nikitich Kashperov"
"http://data.carnegiehall.org/names/1010691","Thomas Vincent Cator"
"http://data.carnegiehall.org/names/1010693","Michael Brozen"
"http://data.carnegiehall.org/names/1010694","Heinrich Pfeil"
"http://data.carnegiehall.org/names/1010695","Alberto Hemsi"
"http://data.carnegiehall.org/names/1010696","Paul Bowles"
"http://data.carnegiehall.org/names/1010697","Alva Henderson"
"http://data.carnegiehall.org/names/1010682","Jack King"
"http://data.carnegiehall.org/names/1010683","Joseph Goodman"
"http://data.carnegiehall.org/names/1010684","Joe Utterbach"
"http://data.carnegiehall.org/names/1010685","Rodrigo Riera"
"http://data.carnegiehall.org/names/1010688","Edward Mollenhauer"
"http://data.carnegiehall.org/names/1010690","Elsie Deremeaux"
"http://data.carnegiehall.org/names/1010674","Elena Kats-Chernin"
"http://data.carnegiehall.org/names/1010675","Felix Mendelssohn"
"http://data.carnegiehall.org/names/1010677","John Barnes Chance"
"http://data.carnegiehall.org/names/1010678","Jaime Zenamon"
"http://data.carnegiehall.org/names/1010679","Homer Keller"
"http://data.carnegiehall.org/names/1010680","Vasilije Mokranjac"
"http://data.carnegiehall.org/names/1010668","Yasuo Sueyoshi"
"http://data.carnegiehall.org/names/1010669","Charles Mayer"
"http://data.carnegiehall.org/names/1010670","Pierre de Bréville"
"http://data.carnegiehall.org/names/1010671","Max Ettinger"
"http://data.carnegiehall.org/names/1010672","Deniz Ülben"
"http://data.carnegiehall.org/names/1010673","Dorothea Austin"
"http://data.carnegiehall.org/names/1010661","Volodymyr Huba"
"http://data.carnegiehall.org/names/1010662","Haydn Wood"
"http://data.carnegiehall.org/names/1010663","Julius Benedict"
"http://data.carnegiehall.org/names/1010664","Liuh-Ting Heh"
"http://data.carnegiehall.org/names/1010665","Y. T. Huang"
"http://data.carnegiehall.org/names/1010667","Petros Petridis"
"http://data.carnegiehall.org/names/1010654","Alec Wilder"
"http://data.carnegiehall.org/names/1010655","Henryk Mikolaj Górecki"
"http://data.carnegiehall.org/names/1010656","David Diamond"
"http://data.carnegiehall.org/names/1010657","Evelyn La Rue Pittman"
"http://data.carnegiehall.org/names/1010659","[first name unknown] Pla"
"http://data.carnegiehall.org/names/1010660","Elmer Bernstein"
"http://data.carnegiehall.org/names/1010646","A. L. Streeter"
"http://data.carnegiehall.org/names/1010647","Anoushirvan Rohani"
"http://data.carnegiehall.org/names/1010650","Wendy Mae Chambers"
"http://data.carnegiehall.org/names/1010651","Karl Schiske"
"http://data.carnegiehall.org/names/1010652","Emile-Robert Blanchet"
"http://data.carnegiehall.org/names/1010653","Michael H. Cleary"
"http://data.carnegiehall.org/names/1010638","N. Nishinsky"
"http://data.carnegiehall.org/names/1010639","Lorenzino"
"http://data.carnegiehall.org/names/1010641","Soren Hyldgaard"
"http://data.carnegiehall.org/names/1010642","Sergio Viterbini"
"http://data.carnegiehall.org/names/1010643","Jaroslav Kricka"
"http://data.carnegiehall.org/names/1010644","Moissei Vainberg"
"http://data.carnegiehall.org/names/1010631","Ron Jeffers"
"http://data.carnegiehall.org/names/1010632","Fisher Tull"
"http://data.carnegiehall.org/names/1010633","Mendoza"
"http://data.carnegiehall.org/names/1010634","Louis Aubert"
"http://data.carnegiehall.org/names/1010635","Frans von Heland"
"http://data.carnegiehall.org/names/1010636","Frank Ferko"
"http://data.carnegiehall.org/names/1010623","Alfred Hollins"
"http://data.carnegiehall.org/names/1010624","Benjamin Godard"
"http://data.carnegiehall.org/names/1010625","Nicolo Isouard"
"http://data.carnegiehall.org/names/1010626","Friedrich Kuhlau"
"http://data.carnegiehall.org/names/1010629","He Jian Hao"
"http://data.carnegiehall.org/names/1010630","Hanns Hasting"
"http://data.carnegiehall.org/names/1010615","Joan Ambrosio Dalza"
"http://data.carnegiehall.org/names/1010616","Stan Friedman"
"http://data.carnegiehall.org/names/1010617","Claudio Monteverdi"
"http://data.carnegiehall.org/names/1010618","Henri Tomasi"
"http://data.carnegiehall.org/names/1010621","Vernon Taranto"
"http://data.carnegiehall.org/names/1010622","Richard Schumacher"
"http://data.carnegiehall.org/names/1010605","Maurice Ohana"
"http://data.carnegiehall.org/names/1010606","Heinrich Proch"
"http://data.carnegiehall.org/names/1010608","[first name unknown] Nevin"
"http://data.carnegiehall.org/names/1010610","Felix Arndt"
"http://data.carnegiehall.org/names/1010613","Eduardo Cadavid Angel"
"http://data.carnegiehall.org/names/1010614","[first name unknown] Alfonso-Cacciola"
"http://data.carnegiehall.org/names/1010598","Joseph DeLuca"
"http://data.carnegiehall.org/names/1010599","Gundaris Pone"
"http://data.carnegiehall.org/names/1010601","Jelly Roll Morton"
"http://data.carnegiehall.org/names/1010602","Otto Winter-Hjelm"
"http://data.carnegiehall.org/names/1010603","Michael East"
"http://data.carnegiehall.org/names/1010604","Francis Miroglio"
"http://data.carnegiehall.org/names/1010590","N.P. Fomin"
"http://data.carnegiehall.org/names/1010591","František Drdla"
"http://data.carnegiehall.org/names/1010592","Charles Queener"
"http://data.carnegiehall.org/names/1010593","A. R. Grant"
"http://data.carnegiehall.org/names/1010597","Grace Freeberg"
"http://data.carnegiehall.org/names/1010583","Kyo Sook Lee"
"http://data.carnegiehall.org/names/1010584","Percy Mayfield"
"http://data.carnegiehall.org/names/1010586","Rebecca Clarke"
"http://data.carnegiehall.org/names/1010587","Mily Balakirev"
"http://data.carnegiehall.org/names/1010588","Frank Wiley"
"http://data.carnegiehall.org/names/1010589","James Wintle"
"http://data.carnegiehall.org/names/1010576","[first name unknown] Weingarten"
"http://data.carnegiehall.org/names/1010577","Jacobus Handl"
"http://data.carnegiehall.org/names/1010578","Lex van Delden"
"http://data.carnegiehall.org/names/1010580","Godfrey Ridout"
"http://data.carnegiehall.org/names/1010581","Elizabeth Maconchy"
"http://data.carnegiehall.org/names/1010582","Peter Fischer"
"http://data.carnegiehall.org/names/1008314","Franz Mair"
"http://data.carnegiehall.org/names/1008315","Johan Kvandal"
"http://data.carnegiehall.org/names/1008316","Sabin Dragoi"
"http://data.carnegiehall.org/names/1008317","Roland Farley"
"http://data.carnegiehall.org/names/1008321","J. Veer"
"http://data.carnegiehall.org/names/1008306","Elliot Borishansky"
"http://data.carnegiehall.org/names/1008309","Finn Ludt"
"http://data.carnegiehall.org/names/1008310","Kui Jiang"
"http://data.carnegiehall.org/names/1008311","Hermann Schulken"
"http://data.carnegiehall.org/names/1008312","Lothar Kempter"
"http://data.carnegiehall.org/names/1008313","James Miller"
"http://data.carnegiehall.org/names/1008296","Henry Carey"
"http://data.carnegiehall.org/names/1008298","Charles Scott"
"http://data.carnegiehall.org/names/1008302","Gregory Short"
"http://data.carnegiehall.org/names/1008303","Tomasz K. Bartkiewcz"
"http://data.carnegiehall.org/names/1008304","Michael William Balfe"
"http://data.carnegiehall.org/names/1008305","Charles Ives"
"http://data.carnegiehall.org/names/1008289","Leo Edwards"
"http://data.carnegiehall.org/names/1008290","Pietro Mascagni"
"http://data.carnegiehall.org/names/1008291","[first name unknown] Albright"
"http://data.carnegiehall.org/names/1008292","Roberto Gerhard"
"http://data.carnegiehall.org/names/1008293","Bob Merrill"
"http://data.carnegiehall.org/names/1008294","Matthias Ruegg"
"http://data.carnegiehall.org/names/1008279","Karel Salmon"
"http://data.carnegiehall.org/names/1008281","Luis Prado"
"http://data.carnegiehall.org/names/1008283","Thomas Briccetti"
"http://data.carnegiehall.org/names/1008284","J. Burgmein"
"http://data.carnegiehall.org/names/1008286","Franz Schmidt"
"http://data.carnegiehall.org/names/1008288","Agusto Coen"
"http://data.carnegiehall.org/names/1008272","Thomas P. Westendorf"
"http://data.carnegiehall.org/names/1008273","Keith Robinson"
"http://data.carnegiehall.org/names/1008274","Miloslav Kabelác"
"http://data.carnegiehall.org/names/1008276","Baude Cordier"
"http://data.carnegiehall.org/names/1008277","Jacob de Senleches"
"http://data.carnegiehall.org/names/1008278","[first name unknown] Allingham"
"http://data.carnegiehall.org/names/1008265","F. Doelle"
"http://data.carnegiehall.org/names/1008266","Walter Eiger"
"http://data.carnegiehall.org/names/1008267","Johann Strauss Jr."
"http://data.carnegiehall.org/names/1008269","Alfonso Gibilaro"
"http://data.carnegiehall.org/names/1008270","William Coble"
"http://data.carnegiehall.org/names/1008271","Michel Blavet"
"http://data.carnegiehall.org/names/1008256","Behzad Ranjbaran"
"http://data.carnegiehall.org/names/1008257","Augustyn Bloch"
"http://data.carnegiehall.org/names/1008259","Wen-chung Chou"
"http://data.carnegiehall.org/names/1008260","Gerhard Schedl"
"http://data.carnegiehall.org/names/1008261","Claire Mann Brook"
"http://data.carnegiehall.org/names/1008263","Pietro Platania"
"http://data.carnegiehall.org/names/1008247","Eduardo Cajade"
"http://data.carnegiehall.org/names/1008250","Gregorio Curto"
"http://data.carnegiehall.org/names/1008251","Luis Padilla"
"http://data.carnegiehall.org/names/1008253","Paul Anka"
"http://data.carnegiehall.org/names/1008254","Bill Conti"
"http://data.carnegiehall.org/names/1008255","David R. Gillingham"
"http://data.carnegiehall.org/names/1008241","Charles Jones"
"http://data.carnegiehall.org/names/1008242","Mark Adamo"
"http://data.carnegiehall.org/names/1008243","Donald Busarow"
"http://data.carnegiehall.org/names/1008244","Chris DeBlasio"
"http://data.carnegiehall.org/names/1008245","Simon Knaeble"
"http://data.carnegiehall.org/names/1008246","Thomas Addison"
"http://data.carnegiehall.org/names/1008235","Milan Kaderavek"
"http://data.carnegiehall.org/names/1008236","Bob Curnow"
"http://data.carnegiehall.org/names/1008237","[first name unknown] Halle"
"http://data.carnegiehall.org/names/1008238","Federigo Fiorillo"
"http://data.carnegiehall.org/names/1008239","William Seymer"
"http://data.carnegiehall.org/names/1008240","Henry John Gauntlett"
"http://data.carnegiehall.org/names/1008224","Jan Dismas Zelenka"
"http://data.carnegiehall.org/names/1008225","Anatoli Hod"
"http://data.carnegiehall.org/names/1008226","Edward B. Claypoole"
"http://data.carnegiehall.org/names/1008227","Pietro Deiro"
"http://data.carnegiehall.org/names/1008229","Erik Meyer-Helmund"
"http://data.carnegiehall.org/names/1008231","Scott Joplin"
"http://data.carnegiehall.org/names/1008212","Signe Lund"
"http://data.carnegiehall.org/names/1008213","Logan Skelton"
"http://data.carnegiehall.org/names/1008214","Ralph De Golier"
"http://data.carnegiehall.org/names/1008217","Jacob Obrecht"
"http://data.carnegiehall.org/names/1008218","Paolo Renosto"
"http://data.carnegiehall.org/names/1008222","Mitch Hampton"
"http://data.carnegiehall.org/names/1008204","Lucien Lambert"
"http://data.carnegiehall.org/names/1008205","Lord Berners"
"http://data.carnegiehall.org/names/1008207","Hattie Starr"
"http://data.carnegiehall.org/names/1008208","John Samuel Duss"
"http://data.carnegiehall.org/names/1008209","Sven-Erik Bäck"
"http://data.carnegiehall.org/names/1008210","Carlo Farina"
"http://data.carnegiehall.org/names/1008195","André-Frédéric Eler"
"http://data.carnegiehall.org/names/1008196","Pat Ballard"
"http://data.carnegiehall.org/names/1008197","Luis Mucillo"
"http://data.carnegiehall.org/names/1008198","Joaquín Gutiérrez-Heras"
"http://data.carnegiehall.org/names/1008199","Flo Menezes"
"http://data.carnegiehall.org/names/1008201","[first name unknown] Lydle"
"http://data.carnegiehall.org/names/1008186","Ralph Cox"
"http://data.carnegiehall.org/names/1008188","Johann Ludwig Bach"
"http://data.carnegiehall.org/names/1008189","Eduard Herrmann"
"http://data.carnegiehall.org/names/1008191","John Hullah"
"http://data.carnegiehall.org/names/1008192","Gustav Adolf Uthmann"
"http://data.carnegiehall.org/names/1008193","Daniel Ghazaryan"
"http://data.carnegiehall.org/names/1008175","Bernhard Romberg"
"http://data.carnegiehall.org/names/1008176","Paul Lacome"
"http://data.carnegiehall.org/names/1008177","Matteo da Perugia"
"http://data.carnegiehall.org/names/1008178","Guglielmo Cecconi"
"http://data.carnegiehall.org/names/1008179","Milos Bok"
"http://data.carnegiehall.org/names/1008183","Jim Leininger"
"http://data.carnegiehall.org/names/1008165","[first name unknown] McGee"
"http://data.carnegiehall.org/names/1008166","Heinrich Wilhelm Ernst"
"http://data.carnegiehall.org/names/1008168","David Monrad Johansen"
"http://data.carnegiehall.org/names/1008171","Walter Donaldson"
"http://data.carnegiehall.org/names/1008172","Jean Stor"
"http://data.carnegiehall.org/names/1008174","Sidney Jones"
"http://data.carnegiehall.org/names/1008158","Olaf Paulus"
"http://data.carnegiehall.org/names/1008160","Alfred Gaul"
"http://data.carnegiehall.org/names/1008161","David Zahavi"
"http://data.carnegiehall.org/names/1008162","Dr. Jovan Pachu"
"http://data.carnegiehall.org/names/1008163","George Butterworth"
"http://data.carnegiehall.org/names/1008164","Otto Nicolai"
"http://data.carnegiehall.org/names/1008150","Francis Kleynjans"
"http://data.carnegiehall.org/names/1008151","Fu-Tong Wong"
"http://data.carnegiehall.org/names/1008152","Claude Pascal"
"http://data.carnegiehall.org/names/1008153","Nancy Peterson"
"http://data.carnegiehall.org/names/1008154","C. Ojeda"
"http://data.carnegiehall.org/names/1008156","Xiang Jin"
"http://data.carnegiehall.org/names/1008144","Henk Badings"
"http://data.carnegiehall.org/names/1008145","Miklós Rózsa"
"http://data.carnegiehall.org/names/1008146","Thomas L. Fawick"
"http://data.carnegiehall.org/names/1008147","Donald Moore"
"http://data.carnegiehall.org/names/1008148","Earl George"
"http://data.carnegiehall.org/names/1008149","Otis Blackwell"
"http://data.carnegiehall.org/names/1008133","J. Bruzdowica"
"http://data.carnegiehall.org/names/1008135","John Ronsheim"
"http://data.carnegiehall.org/names/1008138","Nikolai Rakov"
"http://data.carnegiehall.org/names/1008139","Filippo Schreier"
"http://data.carnegiehall.org/names/1008140","Hilda Emery Davis"
"http://data.carnegiehall.org/names/1008143","Leroy Green"
"http://data.carnegiehall.org/names/1008126","E. Esteves"
"http://data.carnegiehall.org/names/1008127","Umberto Giordano"
"http://data.carnegiehall.org/names/1008128","Johann Sengstschmid"
"http://data.carnegiehall.org/names/1008129","Ramon Fuller"
"http://data.carnegiehall.org/names/1008130","Feliks Nowowiejski"
"http://data.carnegiehall.org/names/1008131","Alvin Singleton"
"http://data.carnegiehall.org/names/1008115","Jaroslav P. Holesovsky"
"http://data.carnegiehall.org/names/1008118","Thomas Beversdorf"
"http://data.carnegiehall.org/names/1008119","Barbara Giuranna"
"http://data.carnegiehall.org/names/1008120","George Drumm"
"http://data.carnegiehall.org/names/1008123","Alexander Spendiaryan"
"http://data.carnegiehall.org/names/1008125","Julian Andino"
"http://data.carnegiehall.org/names/1008107","Mieczyslaw Weinberg"
"http://data.carnegiehall.org/names/1008108","John Wasson"
"http://data.carnegiehall.org/names/1008109","Matthias Georg Monn"
"http://data.carnegiehall.org/names/1008110","W. F. Johnson"
"http://data.carnegiehall.org/names/1008111","Giovanni Bononcini"
"http://data.carnegiehall.org/names/1008112","Tyzen Hsiao"
"http://data.carnegiehall.org/names/1008100","William Ward-Higgs"
"http://data.carnegiehall.org/names/1008101","Carl Eckert"
"http://data.carnegiehall.org/names/1008102","Dana Wilson"
"http://data.carnegiehall.org/names/1008103","Braulio Dueno Colon"
"http://data.carnegiehall.org/names/1008104","Il Dong Lee"
"http://data.carnegiehall.org/names/1008106","Otmar Mácha"
"http://data.carnegiehall.org/names/1008090","A.F.M. Custance"
"http://data.carnegiehall.org/names/1008093","Russ Lombardi"
"http://data.carnegiehall.org/names/1008094","Theodore Shapiro"
"http://data.carnegiehall.org/names/1008096","Girolamo Fantini"
"http://data.carnegiehall.org/names/1008097","Kathleen Lockhart Manning"
"http://data.carnegiehall.org/names/1008098","George William Warren"
"http://data.carnegiehall.org/names/1008084","Teresa Clotilde del Riego"
"http://data.carnegiehall.org/names/1008085","Hans Studer"
"http://data.carnegiehall.org/names/1008086","Rudolf Lerich"
"http://data.carnegiehall.org/names/1008087","Jean-Théodore Radoux"
"http://data.carnegiehall.org/names/1008088","Francesco Rossi"
"http://data.carnegiehall.org/names/1008089","Gregor Lange"
"http://data.carnegiehall.org/names/1008076","Friedrich Wilhelm Kücken"
"http://data.carnegiehall.org/names/1008077","Charles Villiers Stanford"
"http://data.carnegiehall.org/names/1008080","Various Composers"
"http://data.carnegiehall.org/names/1008081","Pawel Sydor"
"http://data.carnegiehall.org/names/1008082","[first name unknown] Vendelborg"
"http://data.carnegiehall.org/names/1008064","H. Benne Henton"
"http://data.carnegiehall.org/names/1008065","André Caplet"
"http://data.carnegiehall.org/names/1008066","Ross Edwards"
"http://data.carnegiehall.org/names/1008067","Maki Ishii"
"http://data.carnegiehall.org/names/1008073","Riccardo Pick-Mangiagalli"
"http://data.carnegiehall.org/names/1008074","Anne Lister"
"http://data.carnegiehall.org/names/1008056","Peter Warlock"
"http://data.carnegiehall.org/names/1008058","Anonymous"
"http://data.carnegiehall.org/names/1008059","Elway Bevin"
"http://data.carnegiehall.org/names/1008060","Antonino Buenaventura"
"http://data.carnegiehall.org/names/1008062","Allan Blank"
"http://data.carnegiehall.org/names/1008049","Anthony Newley"
"http://data.carnegiehall.org/names/1008050","John W. Schaum"
"http://data.carnegiehall.org/names/1008051","Payo Sola"
"http://data.carnegiehall.org/names/1008052","E. E. Rice"
"http://data.carnegiehall.org/names/1008053","Edgar Daniel Del Valle"
"http://data.carnegiehall.org/names/1008055","[first name unknown] Steinhagen"
"http://data.carnegiehall.org/names/1008040","Changqun Ao"
"http://data.carnegiehall.org/names/1008041","Kirk Franklin"
"http://data.carnegiehall.org/names/1008042","[first name unknown] Ponomarenko"
"http://data.carnegiehall.org/names/1008043","Joëlle Rabu"
"http://data.carnegiehall.org/names/1008045","Louis Piantoni"
"http://data.carnegiehall.org/names/1008047","Charles Bennett"
"http://data.carnegiehall.org/names/1008030","Carl Latann"
"http://data.carnegiehall.org/names/1008032","Gabriel Groulez"
"http://data.carnegiehall.org/names/1008034","Louis Couperin"
"http://data.carnegiehall.org/names/1008035","Judith Cook Tucker"
"http://data.carnegiehall.org/names/1008036","Harriet Davidson"
"http://data.carnegiehall.org/names/1008039","Felix Borowski"
"http://data.carnegiehall.org/names/1008021","Richard Cann"
"http://data.carnegiehall.org/names/1008023","Gottfried Mann"
"http://data.carnegiehall.org/names/1008024","[first name unknown] Sansay"
"http://data.carnegiehall.org/names/1008027","Dubravko Detoni"
"http://data.carnegiehall.org/names/1008028","Philippe Manoury"
"http://data.carnegiehall.org/names/1008029","Carl Sobeski"
"http://data.carnegiehall.org/names/1008015","Charles Gounod"
"http://data.carnegiehall.org/names/1008016","Giuseppi Corsi"
"http://data.carnegiehall.org/names/1008017","Jindrich Feld"
"http://data.carnegiehall.org/names/1008018","August von Othegraven"
"http://data.carnegiehall.org/names/1008019","Chandler Carter"
"http://data.carnegiehall.org/names/1008020","Leopold Kozeluch"
"http://data.carnegiehall.org/names/1008006","Ivo Macek"
"http://data.carnegiehall.org/names/1008008","Jerzy Fitelberg"
"http://data.carnegiehall.org/names/1008009","Alexander Maloof"
"http://data.carnegiehall.org/names/1008010","Charles Oberthür"
"http://data.carnegiehall.org/names/1008013","Joseph Guy Ropartz"
"http://data.carnegiehall.org/names/1008014","Anthoine Francisque"
"http://data.carnegiehall.org/names/1008000","José Andrés Lazzaro"
"http://data.carnegiehall.org/names/1008001","Domenico Maria Melli"
"http://data.carnegiehall.org/names/1008002","Daniel Steibelt"
"http://data.carnegiehall.org/names/1008003","Louis Applebaum"
"http://data.carnegiehall.org/names/1008004","Mary Inwood"
"http://data.carnegiehall.org/names/1008005","Tomas Milans"
"http://data.carnegiehall.org/names/1007994","Kurt Atterberg"
"http://data.carnegiehall.org/names/1007995","Dagmar de Corval Rybner"
"http://data.carnegiehall.org/names/1007996","Louise Farrenc"
"http://data.carnegiehall.org/names/1007997","[first name unknown] Frohman"
"http://data.carnegiehall.org/names/1007998","Lou Singer"
"http://data.carnegiehall.org/names/1007999","Harry Volpe"
"http://data.carnegiehall.org/names/1007986","[first name unknown] Clarke"
"http://data.carnegiehall.org/names/1007988","Alfreds Kalninš"
"http://data.carnegiehall.org/names/1007989","Tarsicio Medina"
"http://data.carnegiehall.org/names/1007990","Edric Cundell"
"http://data.carnegiehall.org/names/1007991","Charles Konedski Davis"
"http://data.carnegiehall.org/names/1007993","Julius Rietz"
"http://data.carnegiehall.org/names/1007980","Johannes Pache"
"http://data.carnegiehall.org/names/1007981","P. Fahrenbach"
"http://data.carnegiehall.org/names/1007982","Edward Paul Mascari"
"http://data.carnegiehall.org/names/1007983","Kenneth Fuchs"
"http://data.carnegiehall.org/names/1007985","David Aizenstadt"
"http://data.carnegiehall.org/names/1007973","Joseph Willcox Jenkins"
"http://data.carnegiehall.org/names/1007974","Francois Roussel"
"http://data.carnegiehall.org/names/1007976","Isang Yun"
"http://data.carnegiehall.org/names/1007977","Jerome Kern"
"http://data.carnegiehall.org/names/1007978","Francisco Nuñez Montes"
"http://data.carnegiehall.org/names/1007979","Jon Christopher Nelson"
"http://data.carnegiehall.org/names/1007966","Herbert Kennedy Andrews"
"http://data.carnegiehall.org/names/1007967","Benedetto Marcello"
"http://data.carnegiehall.org/names/1007968","Anna Amalia, Duchess of Saxe-Weimar-Eisenach"
"http://data.carnegiehall.org/names/1007970","Thorkell Sigurbjörnsson"
"http://data.carnegiehall.org/names/1007971","John Field"
"http://data.carnegiehall.org/names/1007972","Toivo Kuula"
"http://data.carnegiehall.org/names/1007960","Theodore Oesten"
"http://data.carnegiehall.org/names/1007961","Pierre-Octave Ferroud"
"http://data.carnegiehall.org/names/1007962","Jan Pieterszoon Sweelinck"
"http://data.carnegiehall.org/names/1007963","Sergei Slonimsky"
"http://data.carnegiehall.org/names/1007964","Justinian Tamusuza"
"http://data.carnegiehall.org/names/1007965","Serban Nichifor"
"http://data.carnegiehall.org/names/1007954","Emil Breitenfeld"
"http://data.carnegiehall.org/names/1007955","Constantin Dimitrescu"
"http://data.carnegiehall.org/names/1007956","Frederick Vanderpool"
"http://data.carnegiehall.org/names/1007957","Don Banks"
"http://data.carnegiehall.org/names/1007958","Leon Dubinsky"
"http://data.carnegiehall.org/names/1007959","Leo Sowerby"
"http://data.carnegiehall.org/names/1007948","Jonathan Berger"
"http://data.carnegiehall.org/names/1007949","Swan Hennessy"
"http://data.carnegiehall.org/names/1007950","Bruce J. Taub"
"http://data.carnegiehall.org/names/1007951","[first name unknown] Olshansky"
"http://data.carnegiehall.org/names/1007952","Vytautas Jancys"
"http://data.carnegiehall.org/names/1007953","Gordon Getty"
"http://data.carnegiehall.org/names/1007937","Charles Edward Horn"
"http://data.carnegiehall.org/names/1007939","Franziskus Nagler"
"http://data.carnegiehall.org/names/1007941","Willard B. Segur"
"http://data.carnegiehall.org/names/1007943","Toshio Hosokawa"
"http://data.carnegiehall.org/names/1007944","Tadeusz Kassern"
"http://data.carnegiehall.org/names/1007945","Dorothy Hill"
"http://data.carnegiehall.org/names/1007929","Paul Turok"
"http://data.carnegiehall.org/names/1007930","Williametta Spencer"
"http://data.carnegiehall.org/names/1007932","A. Wildt"
"http://data.carnegiehall.org/names/1007933","João de Sousa Carvalho"
"http://data.carnegiehall.org/names/1007935","David Kellner"
"http://data.carnegiehall.org/names/1007936","Ramon Roldan Saminan"
"http://data.carnegiehall.org/names/1007922","Brenton Crane"
"http://data.carnegiehall.org/names/1007924","Mario Pieraccini"
"http://data.carnegiehall.org/names/1007925","Max Meyer-Olbersleben"
"http://data.carnegiehall.org/names/1007926","Betty Jean Robinson"
"http://data.carnegiehall.org/names/1007927","Boris Mokrousov"
"http://data.carnegiehall.org/names/1007928","José Mauri"
"http://data.carnegiehall.org/names/1007915","Hanns Jelinek"
"http://data.carnegiehall.org/names/1007916","Sven Lekberg"
"http://data.carnegiehall.org/names/1007918","E. Kormser"
"http://data.carnegiehall.org/names/1007919","Fernando Obradors"
"http://data.carnegiehall.org/names/1007920","Stojche Toshevski"
"http://data.carnegiehall.org/names/1007921","Clifford Demarest"
"http://data.carnegiehall.org/names/1007902","Bela Keler"
"http://data.carnegiehall.org/names/1007904","Gerhart Münch"
"http://data.carnegiehall.org/names/1007906","Marie Antoinette"
"http://data.carnegiehall.org/names/1007909","Gardner Read"
"http://data.carnegiehall.org/names/1007910","Carl Friedrich Abel"
"http://data.carnegiehall.org/names/1007914","Simon Bainbridge"
"http://data.carnegiehall.org/names/1007891","Guy Weitz"
"http://data.carnegiehall.org/names/1007892","Myriam Marbe"
"http://data.carnegiehall.org/names/1007895","Giovanni Felice Sances"
"http://data.carnegiehall.org/names/1007896","Arnold Schoenberg"
"http://data.carnegiehall.org/names/1007899","Paul Steegmans"
"http://data.carnegiehall.org/names/1007900","Samuel Lover"
"http://data.carnegiehall.org/names/1007880","August Söderman"
"http://data.carnegiehall.org/names/1007881","[first name unknown] Forlai"
"http://data.carnegiehall.org/names/1007882","Michael Head"
"http://data.carnegiehall.org/names/1007885","N. Besard"
"http://data.carnegiehall.org/names/1007886","Alberto Favara"
"http://data.carnegiehall.org/names/1007888","Johan Halvorsen"
"http://data.carnegiehall.org/names/1007870","Claudin de Sermisy"
"http://data.carnegiehall.org/names/1007872","Pease-Nelson-Dodge"
"http://data.carnegiehall.org/names/1007874","Johann Christoph Friedrich Bach"
"http://data.carnegiehall.org/names/1007875","Charles Blamphin"
"http://data.carnegiehall.org/names/1007876","Daniel Alomía Robles"
"http://data.carnegiehall.org/names/1007878","Alexander Archangelsky"
"http://data.carnegiehall.org/names/1007864","Charles Albert Tindley"
"http://data.carnegiehall.org/names/1007865","Axel Raoul Wachtmeister"
"http://data.carnegiehall.org/names/1007866","Karl Friedrich Curschmann"
"http://data.carnegiehall.org/names/1007867","[first name unknown] Gamme"
"http://data.carnegiehall.org/names/1007868","K. Seitz"
"http://data.carnegiehall.org/names/1007869","William Ryden"
"http://data.carnegiehall.org/names/1007856","J. Fred Coots"
"http://data.carnegiehall.org/names/1007859","Peter Braham"
"http://data.carnegiehall.org/names/1007860","[first name unknown] Urbach"
"http://data.carnegiehall.org/names/1007861","Luigi Venzano"
"http://data.carnegiehall.org/names/1007862","Ben Zubiri"
"http://data.carnegiehall.org/names/1007863","John Brodbin Kennedy"
"http://data.carnegiehall.org/names/1007847","Michael C. Viens"
"http://data.carnegiehall.org/names/1007848","William Cornysh"
"http://data.carnegiehall.org/names/1007849","Noël Llinos"
"http://data.carnegiehall.org/names/1007851","Bruce Ruddell"
"http://data.carnegiehall.org/names/1007852","Rezso Kokai"
"http://data.carnegiehall.org/names/1007855","Marcelle de Manziarly"
"http://data.carnegiehall.org/names/1007840","Edgar Thorne"
"http://data.carnegiehall.org/names/1007841","Joyce Eilers"
"http://data.carnegiehall.org/names/1007843","Juan S. Garrido"
"http://data.carnegiehall.org/names/1007844","Per Lasson"
"http://data.carnegiehall.org/names/1007845","Roger Jalowicz"
"http://data.carnegiehall.org/names/1007846","Gerard F. Cobb"
"http://data.carnegiehall.org/names/1007834","Dante Gerardo Grela"
"http://data.carnegiehall.org/names/1007835","A. Baldwin Sloane"
"http://data.carnegiehall.org/names/1007836","Eric Schmidt"
"http://data.carnegiehall.org/names/1007837","[first name unknown] Ott"
"http://data.carnegiehall.org/names/1007838","May Hannah Brahe"
"http://data.carnegiehall.org/names/1007839","M. Lord"
"http://data.carnegiehall.org/names/1007825","John Fitz Rogers"
"http://data.carnegiehall.org/names/1007827","Dai-Keong Lee"
"http://data.carnegiehall.org/names/1007828","Otis Redding"
"http://data.carnegiehall.org/names/1007830","Jaeyoul Park"
"http://data.carnegiehall.org/names/1007831","Konstantin Orbelyan"
"http://data.carnegiehall.org/names/1007833","Ferenc Farkas"
"http://data.carnegiehall.org/names/1007817","Emil Sjögren"
"http://data.carnegiehall.org/names/1007819","Georg Reutter"
"http://data.carnegiehall.org/names/1007821","Ivan Tschakoff"
"http://data.carnegiehall.org/names/1007822","Emile Christiani"
"http://data.carnegiehall.org/names/1007823","Pozzi Escot"
"http://data.carnegiehall.org/names/1007824","Ludwig Thuille"
"http://data.carnegiehall.org/names/1007808","Victor Alphonse Duvernoy"
"http://data.carnegiehall.org/names/1007810","George L. Osgood"
"http://data.carnegiehall.org/names/1007811","Joseph Canteloube"
"http://data.carnegiehall.org/names/1007815","Gregory Ballard"
"http://data.carnegiehall.org/names/1007816","Christian Gottlieb Scheidler"
"http://data.carnegiehall.org/names/1007801","Chung-Gil Kim"
"http://data.carnegiehall.org/names/1007803","Paulo Chagas"
"http://data.carnegiehall.org/names/1007804","[first name unknown] Thompson"
"http://data.carnegiehall.org/names/1007805","Walter W. Kolar"
"http://data.carnegiehall.org/names/1007806","Dobie Grey"
"http://data.carnegiehall.org/names/1007807","Herbert Bunning"
"http://data.carnegiehall.org/names/1007791","Raynor Taylor"
"http://data.carnegiehall.org/names/1007793","Howard Brubeck"
"http://data.carnegiehall.org/names/1007796","Eduard Schön"
"http://data.carnegiehall.org/names/1007797","Ignace Joseph Pleyel"
"http://data.carnegiehall.org/names/1007798","Roger Matton"
"http://data.carnegiehall.org/names/1007799","Arthur Sullivan"
"http://data.carnegiehall.org/names/1007784","Kjell Mørk Karlsen"
"http://data.carnegiehall.org/names/1007785","John Rimmer"
"http://data.carnegiehall.org/names/1007786","Joseph Noyon"
"http://data.carnegiehall.org/names/1007787","Feliks Janiewicz"
"http://data.carnegiehall.org/names/1007789","Pierre Petit"
"http://data.carnegiehall.org/names/1007790","Francisco F. Feliciano"
"http://data.carnegiehall.org/names/1007775","[first name unknown] Titominzsky"
"http://data.carnegiehall.org/names/1007777","Joseph F. Lamb"
"http://data.carnegiehall.org/names/1007779","Mario Davidovsky"
"http://data.carnegiehall.org/names/1007781","Sven-David Sandström"
"http://data.carnegiehall.org/names/1007782","John Kander"
"http://data.carnegiehall.org/names/1007783","Glenn Liebermann"
"http://data.carnegiehall.org/names/1007768","Thomas de Hartmann"
"http://data.carnegiehall.org/names/1007770","[first name unknown] Stamitz"
"http://data.carnegiehall.org/names/1007771","Paul Borges"
"http://data.carnegiehall.org/names/1007772","Nikolai Nikolaevich Amani"
"http://data.carnegiehall.org/names/1007774","Jakov Gotovac"
"http://data.carnegiehall.org/names/1007758","Pierre Maurice"
"http://data.carnegiehall.org/names/1007760","Alfred Dregert"
"http://data.carnegiehall.org/names/1007761","Louise Reichardt"
"http://data.carnegiehall.org/names/1007762","Emanuele d' Astorga"
"http://data.carnegiehall.org/names/1007765","Raoul Laparra"
"http://data.carnegiehall.org/names/1007766","Luis Luz"
"http://data.carnegiehall.org/names/1007751","J.W. Hertel"
"http://data.carnegiehall.org/names/1007752","Friedrich Witt"
"http://data.carnegiehall.org/names/1007753","Gustav Lange"
"http://data.carnegiehall.org/names/1007755","Dennis Alexander"
"http://data.carnegiehall.org/names/1007756","Ichiro Higo"
"http://data.carnegiehall.org/names/1007757","Maxim Sozontovich Berezovsky"
"http://data.carnegiehall.org/names/1007742","Siegfried Fink"
"http://data.carnegiehall.org/names/1007745","Paul Steg"
"http://data.carnegiehall.org/names/1007746","Francesco Molino"
"http://data.carnegiehall.org/names/1007749","Eliyahu Hirshin"
"http://data.carnegiehall.org/names/1007750","Paul Graener"
"http://data.carnegiehall.org/names/1007732","Barry Mason"
"http://data.carnegiehall.org/names/1007735","Caesar Giovannini"
"http://data.carnegiehall.org/names/1007736","Shardad Rohani"
"http://data.carnegiehall.org/names/1007737","John Joubert"
"http://data.carnegiehall.org/names/1007738","[first name unknown] Kahl"
"http://data.carnegiehall.org/names/1007739","Carlos Rausch"
"http://data.carnegiehall.org/names/1007723","Morten J. Luvaas"
"http://data.carnegiehall.org/names/1007724","Loys Bourgeois"
"http://data.carnegiehall.org/names/1007725","H. S. Thompson"
"http://data.carnegiehall.org/names/1007727","Giovanni Punto"
"http://data.carnegiehall.org/names/1007729","Allen Molineux"
"http://data.carnegiehall.org/names/1007714","Sherryl Sewpagaham"
"http://data.carnegiehall.org/names/1007715","W.P. Lo"
"http://data.carnegiehall.org/names/1007716","Dmitri Arkadievich Stolypin"
"http://data.carnegiehall.org/names/1007719","John R. Lund"
"http://data.carnegiehall.org/names/1007721","David Soldier"
"http://data.carnegiehall.org/names/1007722","Paul Bonneau"
"http://data.carnegiehall.org/names/1007705","Dennis Leclaire"
"http://data.carnegiehall.org/names/1007706","Timotheos Xanthopoulos"
"http://data.carnegiehall.org/names/1007707","Ira Taxin"
"http://data.carnegiehall.org/names/1007709","Jean Hasse"
"http://data.carnegiehall.org/names/1007710","Simon Mayr"
"http://data.carnegiehall.org/names/1007711","King Oliver"
"http://data.carnegiehall.org/names/1007699","Richard Evans"
"http://data.carnegiehall.org/names/1007700","[first name unknown] Wolferstein"
"http://data.carnegiehall.org/names/1007701","Giacomo Manzoni"
"http://data.carnegiehall.org/names/1007702","[first name unknown] Kropivnytsky"
"http://data.carnegiehall.org/names/1007703","Fu-Yuan Soong"
"http://data.carnegiehall.org/names/1007704","André Hodeir"
"http://data.carnegiehall.org/names/1007689","Thomas Augustine Arne"
"http://data.carnegiehall.org/names/1007690","[first name unknown] Vedovelli"
"http://data.carnegiehall.org/names/1007693","[first name unknown] Stevens"
"http://data.carnegiehall.org/names/1007694","Walter Ross"
"http://data.carnegiehall.org/names/1007695","Michael Ross"
"http://data.carnegiehall.org/names/1007696","Max Filke"
"http://data.carnegiehall.org/names/1007680","Richard Addinsell"
"http://data.carnegiehall.org/names/1007681","Héctor Quattromano"
"http://data.carnegiehall.org/names/1007682","Frederick Bowles"
"http://data.carnegiehall.org/names/1007684","Emma Lou Diemer"
"http://data.carnegiehall.org/names/1007686","Harold Leslie Frank"
"http://data.carnegiehall.org/names/1007688","Manuel Infante"
"http://data.carnegiehall.org/names/1007673","Alois Hába"
"http://data.carnegiehall.org/names/1007674","Mark Kopytman"
"http://data.carnegiehall.org/names/1007676","Antonio Caban Vale"
"http://data.carnegiehall.org/names/1007677","William Hellermann"
"http://data.carnegiehall.org/names/1007678","Richard Genée"
"http://data.carnegiehall.org/names/1007679","Kengyo Yoshizawa"
"http://data.carnegiehall.org/names/1007667","Edmund Rubbra"
"http://data.carnegiehall.org/names/1007668","Lee Brooks"
"http://data.carnegiehall.org/names/1007669","Heinrich Berté"
"http://data.carnegiehall.org/names/1007671","Victor Ewald"
"http://data.carnegiehall.org/names/1007672","Michael O'Brien"
"http://data.carnegiehall.org/names/1007658","Arthur Benjamin"
"http://data.carnegiehall.org/names/1007659","Patrick Weston Joyce"
"http://data.carnegiehall.org/names/1007660","Arthur Foote"
"http://data.carnegiehall.org/names/1007662","Chris Swanson"
"http://data.carnegiehall.org/names/1007665","John Playford"
"http://data.carnegiehall.org/names/1007666","Sandor Veress"
"http://data.carnegiehall.org/names/1007651","Doru Popovici"
"http://data.carnegiehall.org/names/1007652","Amanda Chaudhary"
"http://data.carnegiehall.org/names/1007653","Vicenzo Ciampi"
"http://data.carnegiehall.org/names/1007654","Jean-Michel Damase"
"http://data.carnegiehall.org/names/1007656","Francesco Masini"
"http://data.carnegiehall.org/names/1007657","Frederic Norton"
"http://data.carnegiehall.org/names/1007643","Raymond Loughborough"
"http://data.carnegiehall.org/names/1007644","Aldo Rafael Forte"
"http://data.carnegiehall.org/names/1007645","Francesco Gasparini"
"http://data.carnegiehall.org/names/1007647","Giuseppe Sarti"
"http://data.carnegiehall.org/names/1007649","Floyd E. Werle"
"http://data.carnegiehall.org/names/1007650","Johann Christian Bach"
"http://data.carnegiehall.org/names/1007635","[first name unknown] Whitmark"
"http://data.carnegiehall.org/names/1007636","[first name unknown] Gargano"
"http://data.carnegiehall.org/names/1007637","Mario Maciocchi"
"http://data.carnegiehall.org/names/1007639","Jacques Offenbach"
"http://data.carnegiehall.org/names/1007640","John Clark"
"http://data.carnegiehall.org/names/1007642","Miguel Matamoros"
"http://data.carnegiehall.org/names/1007628","Abel Fleury"
"http://data.carnegiehall.org/names/1007629","Johan Peter Emillius Hartmann"
"http://data.carnegiehall.org/names/1007630","Robert Hughes"
"http://data.carnegiehall.org/names/1007632","Paul Paccione"
"http://data.carnegiehall.org/names/1007633","Eduard Nossler"
"http://data.carnegiehall.org/names/1007634","Johannes Jeep"
"http://data.carnegiehall.org/names/1007620","Fritz Neff"
"http://data.carnegiehall.org/names/1007621","Samuel Wafeek"
"http://data.carnegiehall.org/names/1007622","Franx Xaver Pokorny"
"http://data.carnegiehall.org/names/1007623","Garrett and Red"
"http://data.carnegiehall.org/names/1007624","Jacob Rappaport"
"http://data.carnegiehall.org/names/1007627","Jose Luis Campana"
"http://data.carnegiehall.org/names/1007612","Zoltán Horusitzky"
"http://data.carnegiehall.org/names/1007614","Mark N. Grant"
"http://data.carnegiehall.org/names/1007616","H.T. Petschke"
"http://data.carnegiehall.org/names/1007617","Gerard von Brucken Fock"
"http://data.carnegiehall.org/names/1007618","Nándor Zsolt"
"http://data.carnegiehall.org/names/1007619","[first name unknown] Lenom"
"http://data.carnegiehall.org/names/1007604","Ludwig Wilhelm Maurer"
"http://data.carnegiehall.org/names/1007605","Gerald Plain"
"http://data.carnegiehall.org/names/1007608","Ferdinand Ries"
"http://data.carnegiehall.org/names/1007609","Sergei Taneyev"
"http://data.carnegiehall.org/names/1007610","Nicolò Paganini"
"http://data.carnegiehall.org/names/1007611","M. Mychailiw"
"http://data.carnegiehall.org/names/1007595","Marc Wilkinson"
"http://data.carnegiehall.org/names/1007596","I.A. Lishin"
"http://data.carnegiehall.org/names/1007598","Eugene Bonner"
"http://data.carnegiehall.org/names/1007599","Sverre Jordan"
"http://data.carnegiehall.org/names/1007600","S. Polonsky"
"http://data.carnegiehall.org/names/1007603","Jacob Gade"
"http://data.carnegiehall.org/names/1007587","Larry Sitsky"
"http://data.carnegiehall.org/names/1007588","E. A. Fenstad"
"http://data.carnegiehall.org/names/1007589","Pan K. Park"
"http://data.carnegiehall.org/names/1007592","Vincenzo Billi"
"http://data.carnegiehall.org/names/1007593","Alvin Etler"
"http://data.carnegiehall.org/names/1007594","René Bernier"
"http://data.carnegiehall.org/names/1007578","[first name unknown] Rodige"
"http://data.carnegiehall.org/names/1007581","Renato Brogi"
"http://data.carnegiehall.org/names/1007582","Francis Cutting"
"http://data.carnegiehall.org/names/1007583","[first name unknown] Sund"
"http://data.carnegiehall.org/names/1007584","Johann Stamitz"
"http://data.carnegiehall.org/names/1007586","Ramon Zupko"
"http://data.carnegiehall.org/names/1005336","Charles Dennée"
"http://data.carnegiehall.org/names/1005337","William Seneca Mygrant"
"http://data.carnegiehall.org/names/1005338","Caryl Florio"
"http://data.carnegiehall.org/names/1005340","Georg Rauchenecker"
"http://data.carnegiehall.org/names/1005341","Joseph Schwarz"
"http://data.carnegiehall.org/names/1007576","Tommaso Montefiore"
"http://data.carnegiehall.org/names/1005328","J. Fochs"
"http://data.carnegiehall.org/names/1005329","Jean Barrière"
"http://data.carnegiehall.org/names/1005330","Victor Granados"
"http://data.carnegiehall.org/names/1005333","Luis Miranda"
"http://data.carnegiehall.org/names/1005334","Ilhan Kemaleddin Mimaroglu"
"http://data.carnegiehall.org/names/1005335","Barney Childs"
"http://data.carnegiehall.org/names/1005315","Lodovico Viadana"
"http://data.carnegiehall.org/names/1005316","Kenyon D. Wilson"
"http://data.carnegiehall.org/names/1005317","Fred Astaire"
"http://data.carnegiehall.org/names/1005318","Max Schubel"
"http://data.carnegiehall.org/names/1005320","Leonard Eto"
"http://data.carnegiehall.org/names/1005326","George Chadwick Stock"
"http://data.carnegiehall.org/names/1005304","Roberto Cedeño Laya"
"http://data.carnegiehall.org/names/1005305","Eduardo Guimarães Álvares"
"http://data.carnegiehall.org/names/1005307","Rafaele Parisini"
"http://data.carnegiehall.org/names/1005308","Alfredo Díez Nieto"
"http://data.carnegiehall.org/names/1005310","George H. Clutsam"
"http://data.carnegiehall.org/names/1005314","Tom Dobson"
"http://data.carnegiehall.org/names/1005297","M. William Karlins"
"http://data.carnegiehall.org/names/1005298","Eugen Klee"
"http://data.carnegiehall.org/names/1005299","François Francoeur"
"http://data.carnegiehall.org/names/1005300","Greg Danner"
"http://data.carnegiehall.org/names/1005302","Alexander Rom"
"http://data.carnegiehall.org/names/1005303","John Dowland"
"http://data.carnegiehall.org/names/1005288","José Carlos Campos"
"http://data.carnegiehall.org/names/1005289","Tony McKay"
"http://data.carnegiehall.org/names/1005291","Alexander Tchaikovsky"
"http://data.carnegiehall.org/names/1005294","Gordon Jacob"
"http://data.carnegiehall.org/names/1005296","Maurice Yvain"
"http://data.carnegiehall.org/names/1005279","Tsu Tsing"
"http://data.carnegiehall.org/names/1005280","Joel Engel"
"http://data.carnegiehall.org/names/1005281","Aldemaro Romero"
"http://data.carnegiehall.org/names/1005283","Eduardo Sánchez de Fuentes"
"http://data.carnegiehall.org/names/1005284","Richard Robbins"
"http://data.carnegiehall.org/names/1005286","[first name unknown] Harold"
"http://data.carnegiehall.org/names/1005269","George Broderick"
"http://data.carnegiehall.org/names/1005270","William Byrd"
"http://data.carnegiehall.org/names/1005272","Ralph Carmichael"
"http://data.carnegiehall.org/names/1005273","Bill Moffit"
"http://data.carnegiehall.org/names/1005275","Seneca Pierce"
"http://data.carnegiehall.org/names/1005277","Rafael Anglés"
"http://data.carnegiehall.org/names/1005263","Joseph Clauder"
"http://data.carnegiehall.org/names/1005264","Gershon Ephros"
"http://data.carnegiehall.org/names/1005265","Clare Shore"
"http://data.carnegiehall.org/names/1005266","Carl Axel Brolen"
"http://data.carnegiehall.org/names/1005267","Victor Lopez"
"http://data.carnegiehall.org/names/1005268","Francisco Madina"
"http://data.carnegiehall.org/names/1005254","Frederick Delius"
"http://data.carnegiehall.org/names/1005255","J.B. de Onate"
"http://data.carnegiehall.org/names/1005257","Hiroshi Aoshima"
"http://data.carnegiehall.org/names/1005259","Gherase Dendrino"
"http://data.carnegiehall.org/names/1005261","Joseph Schillinger"
"http://data.carnegiehall.org/names/1005262","S. Sfakianakis"
"http://data.carnegiehall.org/names/1005243","Francois Borne"
"http://data.carnegiehall.org/names/1005245","Harry Revel"
"http://data.carnegiehall.org/names/1005248","Hanhui Zhang"
"http://data.carnegiehall.org/names/1005249","Warden Sarxian"
"http://data.carnegiehall.org/names/1005250","Chanon Winternitz"
"http://data.carnegiehall.org/names/1005252","Charles Carter"
"http://data.carnegiehall.org/names/1005235","Jules Bertain"
"http://data.carnegiehall.org/names/1005236","Ton-That Tiet"
"http://data.carnegiehall.org/names/1005239","Anatoly Grigor'yevich Novikov"
"http://data.carnegiehall.org/names/1005240","Joaquin Pardave"
"http://data.carnegiehall.org/names/1005241","J. Moore"
"http://data.carnegiehall.org/names/1005242","Jozef Swider"
"http://data.carnegiehall.org/names/1005227","Jacqueline Fontyn"
"http://data.carnegiehall.org/names/1005228","Yoshiro Irino"
"http://data.carnegiehall.org/names/1005229","Michael Cavendish"
"http://data.carnegiehall.org/names/1005231","Saburo Moroi"
"http://data.carnegiehall.org/names/1005233","Reinhold Glière"
"http://data.carnegiehall.org/names/1005234","Secundino Esnaola"
"http://data.carnegiehall.org/names/1005211","Patrick Cardy"
"http://data.carnegiehall.org/names/1005213","Robert Ashley"
"http://data.carnegiehall.org/names/1005214","Arminius Cassvan"
"http://data.carnegiehall.org/names/1005216","[first name unknown] Kochotoff"
"http://data.carnegiehall.org/names/1005218","Josip Slavenski"
"http://data.carnegiehall.org/names/1005226","Shigenobu Nakamura"
"http://data.carnegiehall.org/names/1005205","Francisco Santiago"
"http://data.carnegiehall.org/names/1005206","Charles Coleman"
"http://data.carnegiehall.org/names/1005207","Shmerke Kaczerginski"
"http://data.carnegiehall.org/names/1005209","James Aikman"
"http://data.carnegiehall.org/names/1005210","Laura Elise Schwendinger"
"http://data.carnegiehall.org/names/1005191","Min Chong Park"
"http://data.carnegiehall.org/names/1005192","Eduardo Di Capua"
"http://data.carnegiehall.org/names/1005193","Francisco Alonso"
"http://data.carnegiehall.org/names/1005195","Allen Shearer"
"http://data.carnegiehall.org/names/1005197","Antonio Pasculli"
"http://data.carnegiehall.org/names/1005198","Jules Levy"
"http://data.carnegiehall.org/names/1005181","Rupert O. Erlebach"
"http://data.carnegiehall.org/names/1005182","Hayne van Ghizeghem"
"http://data.carnegiehall.org/names/1005185","Johann Pachelbel"
"http://data.carnegiehall.org/names/1005186","John Link"
"http://data.carnegiehall.org/names/1005187","Akira Nishimura"
"http://data.carnegiehall.org/names/1005189","Edward Knight"
"http://data.carnegiehall.org/names/1005175","Leslie Bassett"
"http://data.carnegiehall.org/names/1005176","Gerhard Präsent"
"http://data.carnegiehall.org/names/1005177","Jason Uechi"
"http://data.carnegiehall.org/names/1005178","Kenneth Leslie"
"http://data.carnegiehall.org/names/1005179","Pierre Garat"
"http://data.carnegiehall.org/names/1005180","Giuseppe Ottavio Pitoni"
"http://data.carnegiehall.org/names/1005169","Lewis Spratlan"
"http://data.carnegiehall.org/names/1005170","Julius Röntgen"
"http://data.carnegiehall.org/names/1005171","Dennis Kamakahi"
"http://data.carnegiehall.org/names/1005172","Tony Conjugacion"
"http://data.carnegiehall.org/names/1005173","Antonio Lauro"
"http://data.carnegiehall.org/names/1005174","Preston Stahly"
"http://data.carnegiehall.org/names/1005161","Eric Gritton"
"http://data.carnegiehall.org/names/1005163","Giovanni Brusso"
"http://data.carnegiehall.org/names/1005164","Mihail Andricu"
"http://data.carnegiehall.org/names/1005165","Robin Orr"
"http://data.carnegiehall.org/names/1005166","Lili'uokalani, Queen of Hawaii"
"http://data.carnegiehall.org/names/1005167","Pierre Vellones"
"http://data.carnegiehall.org/names/1005155","Frederick Piket"
"http://data.carnegiehall.org/names/1005156","Karol Szymanowski"
"http://data.carnegiehall.org/names/1005157","Nathan Currier"
"http://data.carnegiehall.org/names/1005158","Andrei Tanasescu"
"http://data.carnegiehall.org/names/1005159","Hermann Finck"
"http://data.carnegiehall.org/names/1005160","Rouben Gregorian"
"http://data.carnegiehall.org/names/1005144","Sherwood Shaffer"
"http://data.carnegiehall.org/names/1005145","Harold Gramatges"
"http://data.carnegiehall.org/names/1005147","Pierre de La Garde"
"http://data.carnegiehall.org/names/1005149","Karlheinz Stockhausen"
"http://data.carnegiehall.org/names/1005151","Félicien David"
"http://data.carnegiehall.org/names/1005154","Marius Flothuis"
"http://data.carnegiehall.org/names/1005137","Adriano Banchieri"
"http://data.carnegiehall.org/names/1005138","Ludomir Rózycki"
"http://data.carnegiehall.org/names/1005139","Matteo Carcassi"
"http://data.carnegiehall.org/names/1005140","Johannes Beschnitt"
"http://data.carnegiehall.org/names/1005141","Marlin H. Skiles"
"http://data.carnegiehall.org/names/1005142","[first name unknown] Vilboa"
"http://data.carnegiehall.org/names/1005130","[first name unknown] Nevins"
"http://data.carnegiehall.org/names/1005131","Judith Weir"
"http://data.carnegiehall.org/names/1005132","Josef Myslivecek"
"http://data.carnegiehall.org/names/1005133","Horace Wadham Nicholl"
"http://data.carnegiehall.org/names/1005134","Karl L. Hoschna"
"http://data.carnegiehall.org/names/1005135","Cláudio Carneyro"
"http://data.carnegiehall.org/names/1005122","Johann Abraham Peter Schulz"
"http://data.carnegiehall.org/names/1005123","Paul Rougnon"
"http://data.carnegiehall.org/names/1005124","Tarquinio Merula"
"http://data.carnegiehall.org/names/1005126","Ron Newman"
"http://data.carnegiehall.org/names/1005128","Johann Georg Ebeling"
"http://data.carnegiehall.org/names/1005129","Gordon Chin"
"http://data.carnegiehall.org/names/1005114","Robert Sterling"
"http://data.carnegiehall.org/names/1005115","Giuseppe Cantone"
"http://data.carnegiehall.org/names/1005116","Wang Hui Ran"
"http://data.carnegiehall.org/names/1005117","Dorothy Rudd Moore"
"http://data.carnegiehall.org/names/1005120","[first name unknown] Kmoreov"
"http://data.carnegiehall.org/names/1005121","Jose Francisco Leal"
"http://data.carnegiehall.org/names/1005102","Gaspar Fernandes"
"http://data.carnegiehall.org/names/1005103","Niculae Vamasescu"
"http://data.carnegiehall.org/names/1005107","Zequinha de Abreu"
"http://data.carnegiehall.org/names/1005108","Joaquín Malats"
"http://data.carnegiehall.org/names/1005111","Claude Baker"
"http://data.carnegiehall.org/names/1005112","Christopher Delp"
"http://data.carnegiehall.org/names/1005088","Lino Benedetto"
"http://data.carnegiehall.org/names/1005089","Maurice Greene"
"http://data.carnegiehall.org/names/1005093","Adrien Boieldieu"
"http://data.carnegiehall.org/names/1005096","[first name unknown] Gate"
"http://data.carnegiehall.org/names/1005100","Anthony G. Holland"
"http://data.carnegiehall.org/names/1005078","Edrich Siebert"
"http://data.carnegiehall.org/names/1005079","Nikolay Rimsky-Korsakov"
"http://data.carnegiehall.org/names/1005082","Arthur Duff"
"http://data.carnegiehall.org/names/1005083","Jan Vaclav Stamic"
"http://data.carnegiehall.org/names/1005085","[first name unknown] Goldschmidt"
"http://data.carnegiehall.org/names/1005087","Guy Wood"
"http://data.carnegiehall.org/names/1005065","Terry Winter Owens"
"http://data.carnegiehall.org/names/1005066","David Olan"
"http://data.carnegiehall.org/names/1005067","Roffredo Caetani"
"http://data.carnegiehall.org/names/1005072","Marcos Larrosa"
"http://data.carnegiehall.org/names/1005075","Pierre Mercure"
"http://data.carnegiehall.org/names/1005076","Homer Grunn"
"http://data.carnegiehall.org/names/1005057","Alexander Sienkiewicz"
"http://data.carnegiehall.org/names/1005058","Giuseppe Pignatta"
"http://data.carnegiehall.org/names/1005059","Hugh Martin"
"http://data.carnegiehall.org/names/1005061","Zbigniew Bargielski"
"http://data.carnegiehall.org/names/1005062","Salvador Moreno"
"http://data.carnegiehall.org/names/1005064","Amy Reich"
"http://data.carnegiehall.org/names/1005051","Consuelo Velázquez"
"http://data.carnegiehall.org/names/1005052","Molly Carew"
"http://data.carnegiehall.org/names/1005053","Norman Dinerstein"
"http://data.carnegiehall.org/names/1005054","Wasyl Wytwycky"
"http://data.carnegiehall.org/names/1005055","Jeffrey Bishop"
"http://data.carnegiehall.org/names/1005056","Émile Paladilhe"
"http://data.carnegiehall.org/names/1005045","Jacinto Guerrero"
"http://data.carnegiehall.org/names/1005046","James Marra"
"http://data.carnegiehall.org/names/1005047","Ingi T. Lárusson"
"http://data.carnegiehall.org/names/1005048","Josephine Hong"
"http://data.carnegiehall.org/names/1005049","Pat Martino"
"http://data.carnegiehall.org/names/1005037","Josephine Lang"
"http://data.carnegiehall.org/names/1005038","Vittorio Mario Vanzo"
"http://data.carnegiehall.org/names/1005040","Jorg Schonfelder"
"http://data.carnegiehall.org/names/1005041","Henry Thomas Smart"
"http://data.carnegiehall.org/names/1005042","Walter Morse Rummel"
"http://data.carnegiehall.org/names/1005043","Pierre Attaingnant"
"http://data.carnegiehall.org/names/1005028","André Waignien"
"http://data.carnegiehall.org/names/1005029","Dan Coleman"
"http://data.carnegiehall.org/names/1005032","Robert Stern"
"http://data.carnegiehall.org/names/1005033","David Kraehenbuehl"
"http://data.carnegiehall.org/names/1005035","Jaurés Lamarque-Pons"
"http://data.carnegiehall.org/names/1005036","Enrique Casella"
"http://data.carnegiehall.org/names/1005022","Glenn Buhr"
"http://data.carnegiehall.org/names/1005023","Pier Adolfo Tirindelli"
"http://data.carnegiehall.org/names/1005024","Athanasios Zervas"
"http://data.carnegiehall.org/names/1005025","Alberto Pestalozza"
"http://data.carnegiehall.org/names/1005026","[first name unknown] Shatuck"
"http://data.carnegiehall.org/names/1005027","William Schuyler"
"http://data.carnegiehall.org/names/1005009","[first name unknown] Adams"
"http://data.carnegiehall.org/names/1005012","Betsy Jolas"
"http://data.carnegiehall.org/names/1005015","Johann Christoph Bach"
"http://data.carnegiehall.org/names/1005016","Theodor Streicher"
"http://data.carnegiehall.org/names/1005017","Menahem Avidom"
"http://data.carnegiehall.org/names/1005021","Samuel Barber"
"http://data.carnegiehall.org/names/1004998","Noel Farrand"
"http://data.carnegiehall.org/names/1004999","Genchi Hisamoto"
"http://data.carnegiehall.org/names/1005002","Vincezo de Meglio"
"http://data.carnegiehall.org/names/1005003","Georges Onslow"
"http://data.carnegiehall.org/names/1005006","[first name unknown] Polacek"
"http://data.carnegiehall.org/names/1005008","Andrew Imbrie"
"http://data.carnegiehall.org/names/1004992","[first name unknown] Rische"
"http://data.carnegiehall.org/names/1004993","Alexandre Luigini"
"http://data.carnegiehall.org/names/1004994","Antonio Ruiz-Pipo"
"http://data.carnegiehall.org/names/1004995","Ruth Meyer"
"http://data.carnegiehall.org/names/1004996","Stephen Dydo"
"http://data.carnegiehall.org/names/1004997","Nino Comel"
"http://data.carnegiehall.org/names/1004985","Frank Erickson"
"http://data.carnegiehall.org/names/1004986","Erik Satie"
"http://data.carnegiehall.org/names/1004987","Robert Saxton"
"http://data.carnegiehall.org/names/1004988","Charles Davidson"
"http://data.carnegiehall.org/names/1004990","Dinu Lipatti"
"http://data.carnegiehall.org/names/1004991","Robert W. Smith"
"http://data.carnegiehall.org/names/1004976","Miklós Kocsár"
"http://data.carnegiehall.org/names/1004977","Rudolf Novácek"
"http://data.carnegiehall.org/names/1004979","Max Oscheit"
"http://data.carnegiehall.org/names/1004980","T. Patrick Carrabré"
"http://data.carnegiehall.org/names/1004983","Rachel Kramer"
"http://data.carnegiehall.org/names/1004984","Allan Lincoln Langley"
"http://data.carnegiehall.org/names/1004969","M. Velazgues"
"http://data.carnegiehall.org/names/1004970","Hugo Herrmann"
"http://data.carnegiehall.org/names/1004971","Augusta Holmès"
"http://data.carnegiehall.org/names/1004972","Beatrice Bush"
"http://data.carnegiehall.org/names/1004974","Dimitrije Buzarovski"
"http://data.carnegiehall.org/names/1004975","Irving Fine"
"http://data.carnegiehall.org/names/1004961","Richard Dering"
"http://data.carnegiehall.org/names/1004962","Cesar Guerra-Peixe"
"http://data.carnegiehall.org/names/1004964","Oscar Escalada"
"http://data.carnegiehall.org/names/1004965","B.C. Wittenmayer"
"http://data.carnegiehall.org/names/1004967","H. Stone"
"http://data.carnegiehall.org/names/1004968","Dallas Holm"
"http://data.carnegiehall.org/names/1004949","Margaret Fairlie-Kennedy"
"http://data.carnegiehall.org/names/1004950","Oscar Calle"
"http://data.carnegiehall.org/names/1004951","[first name unknown] Corot"
"http://data.carnegiehall.org/names/1004956","Camargo Guarnieri"
"http://data.carnegiehall.org/names/1004958","Henry Purcell"
"http://data.carnegiehall.org/names/1004959","Lev Lepky"
"http://data.carnegiehall.org/names/1004940","Girolamo Arrigo"
"http://data.carnegiehall.org/names/1004941","Ross Lee Finney"
"http://data.carnegiehall.org/names/1004942","Nicolaus A. Huber"
"http://data.carnegiehall.org/names/1004945","Othmar Schoeck"
"http://data.carnegiehall.org/names/1004947","Robert Walker"
"http://data.carnegiehall.org/names/1004948","Supply Belcher"
"http://data.carnegiehall.org/names/1004928","Eric Samuelson"
"http://data.carnegiehall.org/names/1004931","Louis Harris"
"http://data.carnegiehall.org/names/1004933","Halfdan Kjerulf"
"http://data.carnegiehall.org/names/1004934","Shirley Whitecotton"
"http://data.carnegiehall.org/names/1004935","Kazuo Fukushima"
"http://data.carnegiehall.org/names/1004939","Michael Gore"
"http://data.carnegiehall.org/names/1004919","York Bowen"
"http://data.carnegiehall.org/names/1004921","Josep Oriol Graus Ribas"
"http://data.carnegiehall.org/names/1004922","Karl Goepfart"
"http://data.carnegiehall.org/names/1004924","K. Grim"
"http://data.carnegiehall.org/names/1004926","Richard Purvis"
"http://data.carnegiehall.org/names/1004927","Richard Arnell"
"http://data.carnegiehall.org/names/1004909","Oscar Schminke"
"http://data.carnegiehall.org/names/1004912","I.V. Flagler"
"http://data.carnegiehall.org/names/1004914","Nikolai Vasilievich Artsybushev"
"http://data.carnegiehall.org/names/1004916","Antoine Tranquille Berbiguier"
"http://data.carnegiehall.org/names/1004917","Chrissie Hynde"
"http://data.carnegiehall.org/names/1004918","Constantin Brailoiu"
"http://data.carnegiehall.org/names/1004902","Linda Twine"
"http://data.carnegiehall.org/names/1004903","Stanislao Gastaldon"
"http://data.carnegiehall.org/names/1004904","Frederic Mompou"
"http://data.carnegiehall.org/names/1004905","Henry Curtis"
"http://data.carnegiehall.org/names/1004906","Leon McAuliffe"
"http://data.carnegiehall.org/names/1004907","André Singer"
"http://data.carnegiehall.org/names/1004893","Vladimir Fyodorovich Odoyevsky"
"http://data.carnegiehall.org/names/1004894","Ronaldo Miranda"
"http://data.carnegiehall.org/names/1004895","Louis-Claude Daquin"
"http://data.carnegiehall.org/names/1004897","Carolyn Yarnell"
"http://data.carnegiehall.org/names/1004899","Carl Steinbruck"
"http://data.carnegiehall.org/names/1004901","John W. Bischoff"
"http://data.carnegiehall.org/names/1004887","Nagayo Motoori"
"http://data.carnegiehall.org/names/1004888","Susan Forrest Harding"
"http://data.carnegiehall.org/names/1004889","Ed Harsh"
"http://data.carnegiehall.org/names/1004890","Meir Serrouya"
"http://data.carnegiehall.org/names/1004891","Ludvig Irgens-Jensen"
"http://data.carnegiehall.org/names/1004892","Charles D. Blake"
"http://data.carnegiehall.org/names/1004879","Joseph Barnby"
"http://data.carnegiehall.org/names/1004881","Napoleone Zardo"
"http://data.carnegiehall.org/names/1004882","J. Vercesi"
"http://data.carnegiehall.org/names/1004883","Jakob Dont"
"http://data.carnegiehall.org/names/1004885","[first name unknown] Fernandez"
"http://data.carnegiehall.org/names/1004886","Michelagnolo Galilei"
"http://data.carnegiehall.org/names/1004867","Folke Rabe"
"http://data.carnegiehall.org/names/1004868","Hector Garcia"
"http://data.carnegiehall.org/names/1004870","William Rhodes"
"http://data.carnegiehall.org/names/1004872","Maude Haben Luck"
"http://data.carnegiehall.org/names/1004876","Moritz Hauptmann"
"http://data.carnegiehall.org/names/1004877","Russell Peck"
"http://data.carnegiehall.org/names/1004861","Sicong Ma"
"http://data.carnegiehall.org/names/1004862","[first name unknown] Levine"
"http://data.carnegiehall.org/names/1004863","César Franck"
"http://data.carnegiehall.org/names/1004864","Carl Maria von Weber"
"http://data.carnegiehall.org/names/1004865","Rayfield Mixon Neel"
"http://data.carnegiehall.org/names/1004866","Walter Hartley"
"http://data.carnegiehall.org/names/1004849","David Hawthorne"
"http://data.carnegiehall.org/names/1004852","Anthony M. Kelley"
"http://data.carnegiehall.org/names/1004856","Elias Parish Alvars"
"http://data.carnegiehall.org/names/1004857","Domizio Zanichelli"
"http://data.carnegiehall.org/names/1004859","Anton Mainente"
"http://data.carnegiehall.org/names/1004860","Rafael Antonio Castellanos"
"http://data.carnegiehall.org/names/1004843","Poldowski"
"http://data.carnegiehall.org/names/1004844","Luigi Denza"
"http://data.carnegiehall.org/names/1004845","John W. Peterson"
"http://data.carnegiehall.org/names/1004846","Cynthia Miller"
"http://data.carnegiehall.org/names/1004847","Sándor Jemnitz"
"http://data.carnegiehall.org/names/1004848","Anibal Troilo"
"http://data.carnegiehall.org/names/1004836","W. Keith Elliott"
"http://data.carnegiehall.org/names/1004837","[first name unknown] Aden"
"http://data.carnegiehall.org/names/1004838","Maximilian Steinberg"
"http://data.carnegiehall.org/names/1004839","Sergei Vasilenko"
"http://data.carnegiehall.org/names/1004841","Mark Wilbert"
"http://data.carnegiehall.org/names/1004842","[first name unknown] Minov"
"http://data.carnegiehall.org/names/1004825","Moshe Wilensky"
"http://data.carnegiehall.org/names/1004826","José de Almeida Prado"
"http://data.carnegiehall.org/names/1004828","Genaro Codina"
"http://data.carnegiehall.org/names/1004829","[first name unknown] Rothwell"
"http://data.carnegiehall.org/names/1004832","[first name unknown] Edoard"
"http://data.carnegiehall.org/names/1004834","Stewart Wallace"
"http://data.carnegiehall.org/names/1004817","Ethel Barns"
"http://data.carnegiehall.org/names/1004819","Tom Pierson"
"http://data.carnegiehall.org/names/1004820","Antoine Brumel"
"http://data.carnegiehall.org/names/1004821","Jean-Baptiste Cardonne"
"http://data.carnegiehall.org/names/1004822","Meir Finkelstein"
"http://data.carnegiehall.org/names/1004823","María Matilde Alea"
"http://data.carnegiehall.org/names/1004806","M. Frey"
"http://data.carnegiehall.org/names/1004807","Nancy Laird Chance"
"http://data.carnegiehall.org/names/1004812","Ilhan Baran"
"http://data.carnegiehall.org/names/1004813","Warren Storey-Smith"
"http://data.carnegiehall.org/names/1004814","Cecil Burleigh"
"http://data.carnegiehall.org/names/1004816","Will Hudson"
"http://data.carnegiehall.org/names/1004798","Boro Tamindzic"
"http://data.carnegiehall.org/names/1004799","Camille Chevillard"
"http://data.carnegiehall.org/names/1004800","Anatol Vieru"
"http://data.carnegiehall.org/names/1004802","T. Salutrinskaya"
"http://data.carnegiehall.org/names/1004804","Sharon J. Willis"
"http://data.carnegiehall.org/names/1004805","William R. Bauer"
"http://data.carnegiehall.org/names/1004787","Carmen Garcia-Cornejo"
"http://data.carnegiehall.org/names/1004789","Justino Sanchez"
"http://data.carnegiehall.org/names/1004790","Edmund Eysler"
"http://data.carnegiehall.org/names/1004791","Emil Nikolaus von Reznicek"
"http://data.carnegiehall.org/names/1004793","Siegfried Ochs"
"http://data.carnegiehall.org/names/1004795","Raymond Fol"
"http://data.carnegiehall.org/names/1004781","[first name unknown] Bengtzon"
"http://data.carnegiehall.org/names/1004782","Kishio Hirao"
"http://data.carnegiehall.org/names/1004783","Eduard May"
"http://data.carnegiehall.org/names/1004784","Michael Reisman"
"http://data.carnegiehall.org/names/1004785","Michael Cohen"
"http://data.carnegiehall.org/names/1004786","Axel W.E. Austin"
"http://data.carnegiehall.org/names/1004769","Johann Adolf Hasse"
"http://data.carnegiehall.org/names/1004771","Konstantin Dankevych"
"http://data.carnegiehall.org/names/1004774","Bartolomeo Montalbano"
"http://data.carnegiehall.org/names/1004775","Arthur Wolf"
"http://data.carnegiehall.org/names/1004776","Walter Macfarren"
"http://data.carnegiehall.org/names/1004778","George Hyde"
"http://data.carnegiehall.org/names/1004763","Joachim van den Hove"
"http://data.carnegiehall.org/names/1004764","Pierick Houdy"
"http://data.carnegiehall.org/names/1004765","Giuseppe Ferrata"
"http://data.carnegiehall.org/names/1004766","Max Steiner"
"http://data.carnegiehall.org/names/1004767","Robert Franz"
"http://data.carnegiehall.org/names/1004752","Rudolf Bial"
"http://data.carnegiehall.org/names/1004756","Elsa Barraine"
"http://data.carnegiehall.org/names/1004758","Mobbs & Lowe"
"http://data.carnegiehall.org/names/1004759","William D. Bowen"
"http://data.carnegiehall.org/names/1004760","Thornton W. Allen"
"http://data.carnegiehall.org/names/1004743","Alfredo Del Monaco"
"http://data.carnegiehall.org/names/1004746","Hugo Alfvén"
"http://data.carnegiehall.org/names/1004747","Nicola Porpora"
"http://data.carnegiehall.org/names/1004748","Harold L. Walters"
"http://data.carnegiehall.org/names/1004750","Ferdinand Hiller"
"http://data.carnegiehall.org/names/1004751","Otto J. Kraushaar"
"http://data.carnegiehall.org/names/1004735","Josef Krejcí"
"http://data.carnegiehall.org/names/1004737","Stanley Watson"
"http://data.carnegiehall.org/names/1004738","Baden Powell"
"http://data.carnegiehall.org/names/1004739","Irving Kane"
"http://data.carnegiehall.org/names/1004740","Johannes Sperger"
"http://data.carnegiehall.org/names/1004742","Peter Robles"
"http://data.carnegiehall.org/names/1004725","Dan Goggin"
"http://data.carnegiehall.org/names/1004726","F. Kuchler"
"http://data.carnegiehall.org/names/1004727","Tommy Swedberg"
"http://data.carnegiehall.org/names/1004728","Aroutiun Delalian"
"http://data.carnegiehall.org/names/1004729","[first name unknown] Hacker"
"http://data.carnegiehall.org/names/1004734","[first name unknown] Ferraro"
"http://data.carnegiehall.org/names/1004719","Baruch Schorr"
"http://data.carnegiehall.org/names/1004721","Glogauer Liederbuch"
"http://data.carnegiehall.org/names/1004722","Joseph Lawson"
"http://data.carnegiehall.org/names/1004723","Páll Ísólfsson"
"http://data.carnegiehall.org/names/1004724","Barry Harman"
"http://data.carnegiehall.org/names/1004712","William Schmidt"
"http://data.carnegiehall.org/names/1004714","Gaston Schindler"
"http://data.carnegiehall.org/names/1004715","John Gay"
"http://data.carnegiehall.org/names/1004716","Harald Sæverud"
"http://data.carnegiehall.org/names/1004717","Blair Fairchild"
"http://data.carnegiehall.org/names/1004718","Alfred Alessandrescu"
"http://data.carnegiehall.org/names/1004706","Denys Sichynsky"
"http://data.carnegiehall.org/names/1004707","Fanny Mendelssohn"
"http://data.carnegiehall.org/names/1004709","Jorge Charga"
"http://data.carnegiehall.org/names/1004711","Yau-Tai Hwang"
"http://data.carnegiehall.org/names/1004695","Takehiko Tada"
"http://data.carnegiehall.org/names/1004696","Aldo Clementi"
"http://data.carnegiehall.org/names/1004697","Elizabeth Gould"
"http://data.carnegiehall.org/names/1004699","Philip Greeley Clapp"
"http://data.carnegiehall.org/names/1004700","Santiago Cittadini"
"http://data.carnegiehall.org/names/1004701","Arne Eggen"
"http://data.carnegiehall.org/names/1004684","Georg Böhm"
"http://data.carnegiehall.org/names/1004685","A. Gabusis"
"http://data.carnegiehall.org/names/1004688","Gustav Lembcke"
"http://data.carnegiehall.org/names/1004689","José Loyola Fernández"
"http://data.carnegiehall.org/names/1004692","Marianne von Martínez"
"http://data.carnegiehall.org/names/1004693","Samuel Alman"
"http://data.carnegiehall.org/names/1004678","Gabriel Ian Gould"
"http://data.carnegiehall.org/names/1004679","Antoni Katski"
"http://data.carnegiehall.org/names/1004680","[first name unknown] Hoest"
"http://data.carnegiehall.org/names/1004681","Gerard Bowen"
"http://data.carnegiehall.org/names/1004682","Orindio Bartolini"
"http://data.carnegiehall.org/names/1004683","Artur Malawski"
"http://data.carnegiehall.org/names/1004671","Frank Lynes"
"http://data.carnegiehall.org/names/1004673","Hugh McAmis"
"http://data.carnegiehall.org/names/1004674","Petar Konjovic"
"http://data.carnegiehall.org/names/1004675","Johannes Ockeghem"
"http://data.carnegiehall.org/names/1004676","Fritz Spindler"
"http://data.carnegiehall.org/names/1004677","Peteris Vasks"
"http://data.carnegiehall.org/names/1004664","Félix Fourdrain"
"http://data.carnegiehall.org/names/1004665","Felipe Padilla de Leon"
"http://data.carnegiehall.org/names/1004666","Murray Grand"
"http://data.carnegiehall.org/names/1004667","Volfgangs Darzinš"
"http://data.carnegiehall.org/names/1004668","Nicholas Charles Bochsa"
"http://data.carnegiehall.org/names/1004670","Heinrich Enke"
"http://data.carnegiehall.org/names/1004657","Jindrich Jindrich"
"http://data.carnegiehall.org/names/1004658","Marilyn Bliss"
"http://data.carnegiehall.org/names/1004659","Gaspar Sanz"
"http://data.carnegiehall.org/names/1004660","James D. Cram"
"http://data.carnegiehall.org/names/1004662","Nicanor Abelardo"
"http://data.carnegiehall.org/names/1004663","George Thomas Caldbeck"
"http://data.carnegiehall.org/names/1004648","Philip Martin"
"http://data.carnegiehall.org/names/1004650","Waldemar Thrane"
"http://data.carnegiehall.org/names/1004651","Jacques Rebotier"
"http://data.carnegiehall.org/names/1004653","Angel Reyes Camejo"
"http://data.carnegiehall.org/names/1004654","Benjamin Machan"
"http://data.carnegiehall.org/names/1004655","Karen Lakey Buckwalter"
"http://data.carnegiehall.org/names/1004636","Adriano Pennino"
"http://data.carnegiehall.org/names/1004638","Gihieh Lee"
"http://data.carnegiehall.org/names/1004639","James Greeson"
"http://data.carnegiehall.org/names/1004642","Henri Herz"
"http://data.carnegiehall.org/names/1004643","Theophilus Marzials"
"http://data.carnegiehall.org/names/1004646","Shaul Berezovsky"
"http://data.carnegiehall.org/names/1004631","Simeon Pironkov"
"http://data.carnegiehall.org/names/1004632","Angel Mislán"
"http://data.carnegiehall.org/names/1004633","Fred Small"
"http://data.carnegiehall.org/names/1004634","Paul Marsena"
"http://data.carnegiehall.org/names/1004635","Shelomo Postolsky"
"http://data.carnegiehall.org/names/1004621","Adolphus Hailstork"
"http://data.carnegiehall.org/names/1004622","L. and B. Lepkyj"
"http://data.carnegiehall.org/names/1004623","Felix Bernard"
"http://data.carnegiehall.org/names/1004624","Pietro Morlacchi"
"http://data.carnegiehall.org/names/1004627","Glauco Masetti"
"http://data.carnegiehall.org/names/1004628","Ivan Tcherepnin"
"http://data.carnegiehall.org/names/1004613","Henry Lyons"
"http://data.carnegiehall.org/names/1004614","Frank Stemper"
"http://data.carnegiehall.org/names/1004615","Raoul Pleskow"
"http://data.carnegiehall.org/names/1004618","Joel Mandelbaum"
"http://data.carnegiehall.org/names/1004619","[first name unknown] Leipziger"
"http://data.carnegiehall.org/names/1004620","Karl Yul'yevich Davidov"
"http://data.carnegiehall.org/names/1004603","Giacomo Puccini"
"http://data.carnegiehall.org/names/1004604","Karl Amadeus Hartmann"
"http://data.carnegiehall.org/names/1004605","Ben-Zion Orgad"
"http://data.carnegiehall.org/names/1004609","Michael Berkeley"
"http://data.carnegiehall.org/names/1004610","Nicholas Carleton"
"http://data.carnegiehall.org/names/1004611","Carlos Jiménez Mabarak"
"http://data.carnegiehall.org/names/1004595","Kirke Mechem"
"http://data.carnegiehall.org/names/1004596","Walter L. Black"
"http://data.carnegiehall.org/names/1004597","Edvard Mirzoyan"
"http://data.carnegiehall.org/names/1004598","Jacob do Bandolim"
"http://data.carnegiehall.org/names/1004599","[first name unknown] Newcomb"
"http://data.carnegiehall.org/names/1004587","Johann Rietzel"
"http://data.carnegiehall.org/names/1004588","Bernardino Bautista Monterde"
"http://data.carnegiehall.org/names/1004589","Désiré-Émile Inghelbrecht"
"http://data.carnegiehall.org/names/1004590","Egon Lustgarten"
"http://data.carnegiehall.org/names/1004592","Sorrel Hays"
"http://data.carnegiehall.org/names/1004593","Matt H. Doran"
"http://data.carnegiehall.org/names/1002288","Kennedy Russell"
"http://data.carnegiehall.org/names/1004579","Robert S. Frost"
"http://data.carnegiehall.org/names/1004580","Miguel Coelho"
"http://data.carnegiehall.org/names/1004582","[first name unknown] Forester"
"http://data.carnegiehall.org/names/1004583","Georges Hüe"
"http://data.carnegiehall.org/names/1004585","Reginald Hall"
"http://data.carnegiehall.org/names/1002278","Arnold Krug"
"http://data.carnegiehall.org/names/1002280","Harry Horlick"
"http://data.carnegiehall.org/names/1002282","[first name unknown] Yariv"
"http://data.carnegiehall.org/names/1002283","Johann Philipp Krieger"
"http://data.carnegiehall.org/names/1002284","Willy Burkhard"
"http://data.carnegiehall.org/names/1002285","Joseph Gustav Mraczek"
"http://data.carnegiehall.org/names/1002270","Vincenzo Calestani"
"http://data.carnegiehall.org/names/1002271","Ljubomir Boshnjakovich"
"http://data.carnegiehall.org/names/1002272","Corodon Fuller"
"http://data.carnegiehall.org/names/1002273","Kinko Shakuhachi Honkyoku"
"http://data.carnegiehall.org/names/1002275","Frank P. Atherton"
"http://data.carnegiehall.org/names/1002277","Gwendolyn Simmons"
"http://data.carnegiehall.org/names/1002261","Dermot MacMurrough"
"http://data.carnegiehall.org/names/1002262","Felice Giardini"
"http://data.carnegiehall.org/names/1002263","Leo Blech"
"http://data.carnegiehall.org/names/1002264","Alexandra Gil"
"http://data.carnegiehall.org/names/1002266","Franz Mahl"
"http://data.carnegiehall.org/names/1002268","Ermanno Wolf-Ferrari"
"http://data.carnegiehall.org/names/1002247","Duk-Sin Choi"
"http://data.carnegiehall.org/names/1002249","Franz Schubert"
"http://data.carnegiehall.org/names/1002251","J. M. Baugh"
"http://data.carnegiehall.org/names/1002257","Giuseppe Concone"
"http://data.carnegiehall.org/names/1002258","Sean Anthony Varah"
"http://data.carnegiehall.org/names/1002260","Mikolaj of Krakow"
"http://data.carnegiehall.org/names/1002238","Giovanni Battista Grazioli"
"http://data.carnegiehall.org/names/1002241","Torelli School"
"http://data.carnegiehall.org/names/1002242","Michael White"
"http://data.carnegiehall.org/names/1002244","Gabriel-Marie"
"http://data.carnegiehall.org/names/1002245","Lee R. Kesselman"
"http://data.carnegiehall.org/names/1002246","G. Rodgers"
"http://data.carnegiehall.org/names/1002230","Ronald Stevenson"
"http://data.carnegiehall.org/names/1002231","Máximo Diego Pujol"
"http://data.carnegiehall.org/names/1002233","W. Robikov"
"http://data.carnegiehall.org/names/1002234","Melchior Teschner"
"http://data.carnegiehall.org/names/1002235","Vladimir Baltarovich-Stone"
"http://data.carnegiehall.org/names/1002223","Richard Halligan"
"http://data.carnegiehall.org/names/1002224","Curtin Burrell"
"http://data.carnegiehall.org/names/1002225","Manuel Balboa"
"http://data.carnegiehall.org/names/1002226","Stephen Hatfield"
"http://data.carnegiehall.org/names/1002227","David Mallamud"
"http://data.carnegiehall.org/names/1002228","Luis de Pablo"
"http://data.carnegiehall.org/names/1002210","Bronislaw Kaper"
"http://data.carnegiehall.org/names/1002213","Rudolf Wagner-Régeny"
"http://data.carnegiehall.org/names/1002214","Nan-pa Hong"
"http://data.carnegiehall.org/names/1002215","G. Sachnowsky"
"http://data.carnegiehall.org/names/1002219","Giovanni Battista Pergolesi"
"http://data.carnegiehall.org/names/1002221","Guillermo Figueroa"
"http://data.carnegiehall.org/names/1002203","Nikolai Kochetov"
"http://data.carnegiehall.org/names/1002204","Carl Riedel"
"http://data.carnegiehall.org/names/1002206","Mary Lawrence Townsend"
"http://data.carnegiehall.org/names/1002207","[first name unknown] Pogoreloff"
"http://data.carnegiehall.org/names/1002208","Carol Matthews"
"http://data.carnegiehall.org/names/1002209","Howard Ferguson"
"http://data.carnegiehall.org/names/1002192","Igor' Frolov"
"http://data.carnegiehall.org/names/1002193","Lola Castegnaro"
"http://data.carnegiehall.org/names/1002195","Matthew MacTavish"
"http://data.carnegiehall.org/names/1002198","Philip Rhys"
"http://data.carnegiehall.org/names/1002199","James McGranahan"
"http://data.carnegiehall.org/names/1002200","Graeme Koehne"
"http://data.carnegiehall.org/names/1002183","E. W. Catalan"
"http://data.carnegiehall.org/names/1002184","Timothy Askew"
"http://data.carnegiehall.org/names/1002185","Roque Codero"
"http://data.carnegiehall.org/names/1002188","Jørgen Jersild"
"http://data.carnegiehall.org/names/1002189","Floro M. Ugarte"
"http://data.carnegiehall.org/names/1002190","Luigi Rossi"
"http://data.carnegiehall.org/names/1002171","Philip Wilby"
"http://data.carnegiehall.org/names/1002172","J. Fred Helf"
"http://data.carnegiehall.org/names/1002173","Andreas Hofer"
"http://data.carnegiehall.org/names/1002175","Bernadette Speach"
"http://data.carnegiehall.org/names/1002179","Boris Kremenliev"
"http://data.carnegiehall.org/names/1002181","Balfe Smith"
"http://data.carnegiehall.org/names/1002163","Rudolf Straube"
"http://data.carnegiehall.org/names/1002164","[first name unknown] Pianelli"
"http://data.carnegiehall.org/names/1002165","Rudolf Winkler"
"http://data.carnegiehall.org/names/1002168","Augusta Ohrstrom-Renard"
"http://data.carnegiehall.org/names/1002169","Harvey Enders"
"http://data.carnegiehall.org/names/1002170","R.G. Morse"
"http://data.carnegiehall.org/names/1002154","David D. Heuser"
"http://data.carnegiehall.org/names/1002155","Burrill Phillips"
"http://data.carnegiehall.org/names/1002157","Wladimir Vogel"
"http://data.carnegiehall.org/names/1002158","Sydney King Russell"
"http://data.carnegiehall.org/names/1002161","Cecil Effinger"
"http://data.carnegiehall.org/names/1002162","Selim Palmgren"
"http://data.carnegiehall.org/names/1002143","Paul Peuerl"
"http://data.carnegiehall.org/names/1002144","[first name unknown] Krams"
"http://data.carnegiehall.org/names/1002146","Thomas Fredrickson"
"http://data.carnegiehall.org/names/1002148","Lorenzo Perosi"
"http://data.carnegiehall.org/names/1002149","Jeremy Goldsmith"
"http://data.carnegiehall.org/names/1002150","Jascha Herzog"
"http://data.carnegiehall.org/names/1002129","Jacquet de Berchem"
"http://data.carnegiehall.org/names/1002130","Stephen Paulus"
"http://data.carnegiehall.org/names/1002133","Cambio Perissione"
"http://data.carnegiehall.org/names/1002134","Marco Uccellini"
"http://data.carnegiehall.org/names/1002135","Laura Lemon"
"http://data.carnegiehall.org/names/1002137","Rinaldo di Capua"
"http://data.carnegiehall.org/names/1002118","Edward Nelson"
"http://data.carnegiehall.org/names/1002119","Carlo Borbolla"
"http://data.carnegiehall.org/names/1002120","Gerardo Dirié"
"http://data.carnegiehall.org/names/1002126","Salvatore Virzi"
"http://data.carnegiehall.org/names/1002127","Joaquín Valverde"
"http://data.carnegiehall.org/names/1002128","[first name unknown] Atkinson"
"http://data.carnegiehall.org/names/1002110","Mike O'Donnell"
"http://data.carnegiehall.org/names/1002111","George Peter Tingley"
"http://data.carnegiehall.org/names/1002112","Pedro Iturralde"
"http://data.carnegiehall.org/names/1002113","Isaak Berkovich"
"http://data.carnegiehall.org/names/1002115","Randall Z. Stoope"
"http://data.carnegiehall.org/names/1002116","Salvador Pueyo"
"http://data.carnegiehall.org/names/1002103","[first name unknown] Loedermann"
"http://data.carnegiehall.org/names/1002104","Enric Morera"
"http://data.carnegiehall.org/names/1002105","Manos Hadjidakis"
"http://data.carnegiehall.org/names/1002107","[first name unknown] Ludovic"
"http://data.carnegiehall.org/names/1002108","Paul Lincke"
"http://data.carnegiehall.org/names/1002109","Barry E. Kopetz"
"http://data.carnegiehall.org/names/1002094","Sven Erik Werner"
"http://data.carnegiehall.org/names/1002095","Frederick Maxson"
"http://data.carnegiehall.org/names/1002097","Ingolf Dahl"
"http://data.carnegiehall.org/names/1002100","Yu-Fong Chou"
"http://data.carnegiehall.org/names/1002101","Henry Leland Clarke"
"http://data.carnegiehall.org/names/1002102","Daniel S. Godfrey"
"http://data.carnegiehall.org/names/1002087","Ivan Caryll"
"http://data.carnegiehall.org/names/1002089","Theobald Boehm"
"http://data.carnegiehall.org/names/1002090","[first name unknown] Dublanc"
"http://data.carnegiehall.org/names/1002091","Miguel del Aguila"
"http://data.carnegiehall.org/names/1002092","Giovanni Battista Vitali"
"http://data.carnegiehall.org/names/1002093","Per Nørgård"
"http://data.carnegiehall.org/names/1002074","M. Breitenfeld"
"http://data.carnegiehall.org/names/1002075","Isham Jones"
"http://data.carnegiehall.org/names/1002080","Simeón Roncal"
"http://data.carnegiehall.org/names/1002082","Sigismund, Ritter von Neukomm"
"http://data.carnegiehall.org/names/1002085","Jean Brisquet"
"http://data.carnegiehall.org/names/1002086","Donald Keats"
"http://data.carnegiehall.org/names/1002066","Carlo Tessarini"
"http://data.carnegiehall.org/names/1002067","Theodore Franke"
"http://data.carnegiehall.org/names/1002068","Beatrice Fenner"
"http://data.carnegiehall.org/names/1002070","Fulgencio Tolentino"
"http://data.carnegiehall.org/names/1002071","Babs Brown"
"http://data.carnegiehall.org/names/1002073","Luigi Romano"
"http://data.carnegiehall.org/names/1002058","Arthur A. Penn"
"http://data.carnegiehall.org/names/1002060","Luca Marenzio"
"http://data.carnegiehall.org/names/1002062","Sarah Hopkins"
"http://data.carnegiehall.org/names/1002063","Marc Shaiman"
"http://data.carnegiehall.org/names/1002064","Erik Nielsen"
"http://data.carnegiehall.org/names/1002065","Ishikawa Koto"
"http://data.carnegiehall.org/names/1002050","Matthew Locke"
"http://data.carnegiehall.org/names/1002051","Paolo Giorza"
"http://data.carnegiehall.org/names/1002054","Baruch Kinstler"
"http://data.carnegiehall.org/names/1002055","Julius Chajes"
"http://data.carnegiehall.org/names/1002056","Johann Nepomuk David"
"http://data.carnegiehall.org/names/1002057","Gustav Stolpe"
"http://data.carnegiehall.org/names/1002043","Sara Lewin"
"http://data.carnegiehall.org/names/1002045","Heinrich Sutermeister"
"http://data.carnegiehall.org/names/1002046","Connie Kaldor"
"http://data.carnegiehall.org/names/1002047","Rouben Altounian"
"http://data.carnegiehall.org/names/1002048","[first name unknown] Falo"
"http://data.carnegiehall.org/names/1002049","Harland Riker"
"http://data.carnegiehall.org/names/1002037","Nicolas-Marie Dalayrac"
"http://data.carnegiehall.org/names/1002038","Gabriel Pierné"
"http://data.carnegiehall.org/names/1002039","Isabel Mundry"
"http://data.carnegiehall.org/names/1002040","James Athay"
"http://data.carnegiehall.org/names/1002041","Reinhold Becker"
"http://data.carnegiehall.org/names/1002042","Tricia Walker"
"http://data.carnegiehall.org/names/1002029","Ynon Nee'Man"
"http://data.carnegiehall.org/names/1002030","[first name unknown] Guidarlot"
"http://data.carnegiehall.org/names/1002031","Alma Mahler"
"http://data.carnegiehall.org/names/1002034","[first name unknown] Hill"
"http://data.carnegiehall.org/names/1002035","Pierre Pinchik"
"http://data.carnegiehall.org/names/1002036","Mordechai Yardeini"
"http://data.carnegiehall.org/names/1002021","Radu Paladi"
"http://data.carnegiehall.org/names/1002023","Chris Becker"
"http://data.carnegiehall.org/names/1002024","Hirofumi Ota"
"http://data.carnegiehall.org/names/1002026","Julius Andrejevas"
"http://data.carnegiehall.org/names/1002027","Alexander Yurassovsky"
"http://data.carnegiehall.org/names/1002028","Leonid Nikolayev"
"http://data.carnegiehall.org/names/1002014","J.F. Genung"
"http://data.carnegiehall.org/names/1002015","Marcel Remy"
"http://data.carnegiehall.org/names/1002016","Augustin Lefort"
"http://data.carnegiehall.org/names/1002018","Iannis Xenakis"
"http://data.carnegiehall.org/names/1002019","Jan Bender"
"http://data.carnegiehall.org/names/1002020","William Sherwin"
"http://data.carnegiehall.org/names/1002006","Johann Strauss"
"http://data.carnegiehall.org/names/1002007","Erkel Fer"
"http://data.carnegiehall.org/names/1002008","Francisco Buencamino Sr."
"http://data.carnegiehall.org/names/1002009","Daniel Plante"
"http://data.carnegiehall.org/names/1002011","Josephine McGill"
"http://data.carnegiehall.org/names/1002013","Reginald Spofforth"
"http://data.carnegiehall.org/names/1002000","Yehezkiel Braun"
"http://data.carnegiehall.org/names/1002001","[first name unknown] Alarcon"
"http://data.carnegiehall.org/names/1002002","Paul, III Wright"
"http://data.carnegiehall.org/names/1002003","Larry McFatter"
"http://data.carnegiehall.org/names/1002004","Graciela Agudelo"
"http://data.carnegiehall.org/names/1002005","Nikolai Roslavets"
"http://data.carnegiehall.org/names/1001994","Alexander MacFayden"
"http://data.carnegiehall.org/names/1001995","Allen Brings"
"http://data.carnegiehall.org/names/1001996","Kenneth L. Hicken"
"http://data.carnegiehall.org/names/1001997","Richard J. Neumann"
"http://data.carnegiehall.org/names/1001998","Peter H. Tanner"
"http://data.carnegiehall.org/names/1001999","Madeleine Dring"
"http://data.carnegiehall.org/names/1001984","[first name unknown] Shorr"
"http://data.carnegiehall.org/names/1001986","[first name unknown] Margutti"
"http://data.carnegiehall.org/names/1001987","Ichijyuro Koide"
"http://data.carnegiehall.org/names/1001988","Kengyo Mitsuzaki"
"http://data.carnegiehall.org/names/1001991","Xavier Leroux"
"http://data.carnegiehall.org/names/1001992","David Pughe-Evans"
"http://data.carnegiehall.org/names/1001978","Heinrich van Eyken"
"http://data.carnegiehall.org/names/1001979","Oskar von Chelius"
"http://data.carnegiehall.org/names/1001980","Michael Halstenson"
"http://data.carnegiehall.org/names/1001981","Henri Dutilleux"
"http://data.carnegiehall.org/names/1001983","Boris Ord"
"http://data.carnegiehall.org/names/1001967","Arnold Bax"
"http://data.carnegiehall.org/names/1001969","Nurit Hirsh"
"http://data.carnegiehall.org/names/1001970","Paolo Tosti"
"http://data.carnegiehall.org/names/1001974","Jean-Michel Defaye"
"http://data.carnegiehall.org/names/1001975","Wilhelm Speiser"
"http://data.carnegiehall.org/names/1001977","Hans Hermann"
"http://data.carnegiehall.org/names/1001957","Wojciech Dlugoraj"
"http://data.carnegiehall.org/names/1001958","Tom Turpin"
"http://data.carnegiehall.org/names/1001960","Yau-Shi Hwang"
"http://data.carnegiehall.org/names/1001961","Frank Levy"
"http://data.carnegiehall.org/names/1001963","Gabriel Grovlez"
"http://data.carnegiehall.org/names/1001965","Gregory Spears"
"http://data.carnegiehall.org/names/1001950","Rubén Uquillas"
"http://data.carnegiehall.org/names/1001951","Humphrey J. Stewart"
"http://data.carnegiehall.org/names/1001953","Carl Heinrich Graun"
"http://data.carnegiehall.org/names/1001954","Yrjö Kilpinen"
"http://data.carnegiehall.org/names/1001955","Tauno Pylkkänen"
"http://data.carnegiehall.org/names/1001956","Isaac Albéniz"
"http://data.carnegiehall.org/names/1001943","Eric Salzman"
"http://data.carnegiehall.org/names/1001944","Rudolph R. Reti"
"http://data.carnegiehall.org/names/1001946","Robert H. Young"
"http://data.carnegiehall.org/names/1001947","August Kühnel"
"http://data.carnegiehall.org/names/1001948","Beat Furrer"
"http://data.carnegiehall.org/names/1001949","Félix Godefroid"
"http://data.carnegiehall.org/names/1001935","[first name unknown] Belov"
"http://data.carnegiehall.org/names/1001936","George C. Lehrritter"
"http://data.carnegiehall.org/names/1001939","[first name unknown] O'Connor"
"http://data.carnegiehall.org/names/1001940","Heinrich Ignaz Franz von Biber"
"http://data.carnegiehall.org/names/1001941","Al Dubin"
"http://data.carnegiehall.org/names/1001942","Walter Burle Marx"
"http://data.carnegiehall.org/names/1001927","Tobias Hume"
"http://data.carnegiehall.org/names/1001928","András Szöllösy"
"http://data.carnegiehall.org/names/1001930","Marquis of Blandford"
"http://data.carnegiehall.org/names/1001932","Robert Kurka"
"http://data.carnegiehall.org/names/1001933","Serge Garant"
"http://data.carnegiehall.org/names/1001934","Peadar Kearney"
"http://data.carnegiehall.org/names/1001920","Yizhak Edel"
"http://data.carnegiehall.org/names/1001921","Ralph Kinder"
"http://data.carnegiehall.org/names/1001922","Johann Jacob Froberger"
"http://data.carnegiehall.org/names/1001924","Frances Allitsen"
"http://data.carnegiehall.org/names/1001925","John Jenkins"
"http://data.carnegiehall.org/names/1001926","[first name unknown] Sausay"
"http://data.carnegiehall.org/names/1001909","Ted C. Grouya"
"http://data.carnegiehall.org/names/1001912","Aryeh Ben Erez Abrahamson"
"http://data.carnegiehall.org/names/1001913","Roger Edens"
"http://data.carnegiehall.org/names/1001914","Wilhelm Kuhe"
"http://data.carnegiehall.org/names/1001916","Stephen Leek"
"http://data.carnegiehall.org/names/1001918","Raymond Premru"
"http://data.carnegiehall.org/names/1001900","Mark Hierholzer"
"http://data.carnegiehall.org/names/1001901","James Spencer"
"http://data.carnegiehall.org/names/1001904","Alberto Ginastera"
"http://data.carnegiehall.org/names/1001906","Louis Calabro"
"http://data.carnegiehall.org/names/1001907","Kendrick P. Shedd"
"http://data.carnegiehall.org/names/1001908","[first name unknown] Kreutzer"
"http://data.carnegiehall.org/names/1001891","[first name unknown] Von Rebbert"
"http://data.carnegiehall.org/names/1001893","Dottie Rambo"
"http://data.carnegiehall.org/names/1001894","John Cacavas"
"http://data.carnegiehall.org/names/1001896","Gustavus D. Pike"
"http://data.carnegiehall.org/names/1001897","Biagio Marini"
"http://data.carnegiehall.org/names/1001898","Adam de la Halle"
"http://data.carnegiehall.org/names/1001881","[first name unknown] Soarez-Saveno"
"http://data.carnegiehall.org/names/1001882","Mikhl Gordon"
"http://data.carnegiehall.org/names/1001883","Ladislav Kubík"
"http://data.carnegiehall.org/names/1001887","Angel Beaunoni Espina"
"http://data.carnegiehall.org/names/1001889","Manuel Sanchez Acosta"
"http://data.carnegiehall.org/names/1001890","Noel Estrada"
"http://data.carnegiehall.org/names/1001867","Mario Panzeri"
"http://data.carnegiehall.org/names/1001870","Claude Vivier"
"http://data.carnegiehall.org/names/1001873","[first name unknown] Sucker"
"http://data.carnegiehall.org/names/1001875","Antonio Carbonchi"
"http://data.carnegiehall.org/names/1001876","Ellsworth Milburn"
"http://data.carnegiehall.org/names/1001878","R.H. Richards"
"http://data.carnegiehall.org/names/1001860","Robert Lowry"
"http://data.carnegiehall.org/names/1001861","D. Choukhadjian"
"http://data.carnegiehall.org/names/1001862","Teobald Power"
"http://data.carnegiehall.org/names/1001863","Hiroshi Hara"
"http://data.carnegiehall.org/names/1001865","Valery Zhelobinsky"
"http://data.carnegiehall.org/names/1001866","Michael Kourilsky"
"http://data.carnegiehall.org/names/1001851","Marvin David Levy"
"http://data.carnegiehall.org/names/1001852","Jay Larrin"
"http://data.carnegiehall.org/names/1001853","John Louw Nelson"
"http://data.carnegiehall.org/names/1001854","Marta Keen"
"http://data.carnegiehall.org/names/1001857","Jose V. Rodis"
"http://data.carnegiehall.org/names/1001859","John Danyel"
"http://data.carnegiehall.org/names/1001845","Gian Carlo Menotti"
"http://data.carnegiehall.org/names/1001846","James F. Burke"
"http://data.carnegiehall.org/names/1001847","Eric Osterling"
"http://data.carnegiehall.org/names/1001848","Yuen-Zen Chow"
"http://data.carnegiehall.org/names/1001849","Franz Danzi"
"http://data.carnegiehall.org/names/1001850","Carlos Sánchez Málaga"
"http://data.carnegiehall.org/names/1001834","G.H. de Rebaylati"
"http://data.carnegiehall.org/names/1001835","Pierre Rode"
"http://data.carnegiehall.org/names/1001838","Niel Sir"
"http://data.carnegiehall.org/names/1001840","Edward Cockram Purcell"
"http://data.carnegiehall.org/names/1001841","Facundo de la Viña"
"http://data.carnegiehall.org/names/1001843","George Lloyd"
"http://data.carnegiehall.org/names/1001824","Antonio de Salazar"
"http://data.carnegiehall.org/names/1001825","Moses Milner"
"http://data.carnegiehall.org/names/1001826","[first name unknown] Hernandez"
"http://data.carnegiehall.org/names/1001828","Mikhail Strokine"
"http://data.carnegiehall.org/names/1001829","Barbara Strozzi"
"http://data.carnegiehall.org/names/1001831","Ferdinand Hérold"
"http://data.carnegiehall.org/names/1001816","Charles C. Converse"
"http://data.carnegiehall.org/names/1001817","Sing-Yi Lin"
"http://data.carnegiehall.org/names/1001819","David J. Elliott"
"http://data.carnegiehall.org/names/1001821","Noah Francis Ryder"
"http://data.carnegiehall.org/names/1001822","Knight-Weston"
"http://data.carnegiehall.org/names/1001823","Franz von Holstein"
"http://data.carnegiehall.org/names/1001810","Pierre La Plante"
"http://data.carnegiehall.org/names/1001811","Theodor Leschetizky"
"http://data.carnegiehall.org/names/1001812","Gregory Stone"
"http://data.carnegiehall.org/names/1001813","Blagov Tsanev"
"http://data.carnegiehall.org/names/1001815","Bennie Moten"
"http://data.carnegiehall.org/names/1001800","Ross Shaw Tisch"
"http://data.carnegiehall.org/names/1001801","Lodovico Agostini"
"http://data.carnegiehall.org/names/1001804","Dennis Riley"
"http://data.carnegiehall.org/names/1001805","Antonio Literes"
"http://data.carnegiehall.org/names/1001808","Luis Antonio Ramirez"
"http://data.carnegiehall.org/names/1001809","Antoni Perez-Moya"
"http://data.carnegiehall.org/names/1001791","Richard Meale"
"http://data.carnegiehall.org/names/1001792","[first name unknown] Attenberry"
"http://data.carnegiehall.org/names/1001793","Hope Temple"
"http://data.carnegiehall.org/names/1001794","[first name unknown] Felix"
"http://data.carnegiehall.org/names/1001796","Sebastian Piana"
"http://data.carnegiehall.org/names/1001798","Yeun Jun Kim"
"http://data.carnegiehall.org/names/1001781","Else Jolery"
"http://data.carnegiehall.org/names/1001783","Jacques Chailley"
"http://data.carnegiehall.org/names/1001786","Jean-Philippe Rameau"
"http://data.carnegiehall.org/names/1001787","Aleksandr Dmitriyevich Kastalsky"
"http://data.carnegiehall.org/names/1001789","Dong Wook Park"
"http://data.carnegiehall.org/names/1001790","David Dzubay"
"http://data.carnegiehall.org/names/1001774","Max Janowski"
"http://data.carnegiehall.org/names/1001776","Gustave Vogt"
"http://data.carnegiehall.org/names/1001777","Emma Marcy Raymond"
"http://data.carnegiehall.org/names/1001779","Giovanni Battista Lampugnani"
"http://data.carnegiehall.org/names/1001780","[first name unknown] Wycocki"
"http://data.carnegiehall.org/names/1001764","Paul Kent"
"http://data.carnegiehall.org/names/1001765","Jay Weigle"
"http://data.carnegiehall.org/names/1001766","John Weldon"
"http://data.carnegiehall.org/names/1001767","Kenneth J. Alford"
"http://data.carnegiehall.org/names/1001769","[first name unknown] Scharton"
"http://data.carnegiehall.org/names/1001770","Shih-Hui Chen"
"http://data.carnegiehall.org/names/1001756","[first name unknown] Nikorowicz"
"http://data.carnegiehall.org/names/1001758","Carl Bartosch"
"http://data.carnegiehall.org/names/1001759","[first name unknown] Hoffman"
"http://data.carnegiehall.org/names/1001761","Alda Caminha"
"http://data.carnegiehall.org/names/1001762","Gordon Crosse"
"http://data.carnegiehall.org/names/1001763","Hernando de Cabezón"
"http://data.carnegiehall.org/names/1001748","Jared Spears"
"http://data.carnegiehall.org/names/1001749","Erasmus Widmann"
"http://data.carnegiehall.org/names/1001750","Toshiro Saruya"
"http://data.carnegiehall.org/names/1001753","Elwyn Owen"
"http://data.carnegiehall.org/names/1001754","Ernest Pingoud"
"http://data.carnegiehall.org/names/1001755","Toninho Horta"
"http://data.carnegiehall.org/names/1001740","Granville English"
"http://data.carnegiehall.org/names/1001741","Florence Methven"
"http://data.carnegiehall.org/names/1001743","Leigh Harline"
"http://data.carnegiehall.org/names/1001744","Berthold Tours"
"http://data.carnegiehall.org/names/1001746","Emilio Mendoza"
"http://data.carnegiehall.org/names/1001747","[first name unknown] Mahllig"
"http://data.carnegiehall.org/names/1001732","Agustín Lara"
"http://data.carnegiehall.org/names/1001733","Armin Schibler"
"http://data.carnegiehall.org/names/1001735","Arne Dørumsgaard"
"http://data.carnegiehall.org/names/1001736","Richard P. Hammond"
"http://data.carnegiehall.org/names/1001737","Shenderev"
"http://data.carnegiehall.org/names/1001738","Jorge del Moral"
"http://data.carnegiehall.org/names/1001723","E, Marrero"
"http://data.carnegiehall.org/names/1001724","Gwynn Smith Bement"
"http://data.carnegiehall.org/names/1001725","Thomas H. Rollinson"
"http://data.carnegiehall.org/names/1001726","[first name unknown] Glover"
"http://data.carnegiehall.org/names/1001727","Vivienne Olive"
"http://data.carnegiehall.org/names/1001730","Johannes Schenck"
"http://data.carnegiehall.org/names/1001714","Wilhelm Berger"
"http://data.carnegiehall.org/names/1001715","August Damm"
"http://data.carnegiehall.org/names/1001716","Arthur Shepherd"
"http://data.carnegiehall.org/names/1001719","Rafael Duchesne"
"http://data.carnegiehall.org/names/1001720","Yuri Shurovsky"
"http://data.carnegiehall.org/names/1001722","Armand J. Piron"
"http://data.carnegiehall.org/names/1001708","Marko Tajcevic"
"http://data.carnegiehall.org/names/1001709","Willy Cruz"
"http://data.carnegiehall.org/names/1001710","Luigi Maurizio Tedeschi"
"http://data.carnegiehall.org/names/1001711","Mingxin Du"
"http://data.carnegiehall.org/names/1001712","Michael Haydn"
"http://data.carnegiehall.org/names/1001713","Eaton F. Aning"
"http://data.carnegiehall.org/names/1001701","Enrique Ubieta"
"http://data.carnegiehall.org/names/1001702","Aylton Escobar"
"http://data.carnegiehall.org/names/1001703","Ferdinand Hummel"
"http://data.carnegiehall.org/names/1001704","Max Gulbins"
"http://data.carnegiehall.org/names/1001705","Verne Reynolds"
"http://data.carnegiehall.org/names/1001707","Friedrich August Kummer"
"http://data.carnegiehall.org/names/1001694","William J. McCoy"
"http://data.carnegiehall.org/names/1001695","Kikuoka Kengyo"
"http://data.carnegiehall.org/names/1001696","Zheng Xun"
"http://data.carnegiehall.org/names/1001697","Yaoxing Chen"
"http://data.carnegiehall.org/names/1001698","Allister MacGillivray"
"http://data.carnegiehall.org/names/1001699","Merle Montgomery"
"http://data.carnegiehall.org/names/1001687","[first name unknown] Sateren"
"http://data.carnegiehall.org/names/1001688","Carl Zeller"
"http://data.carnegiehall.org/names/1001689","[first name unknown] Willenhaunt"
"http://data.carnegiehall.org/names/1001690","Halsey Stevens"
"http://data.carnegiehall.org/names/1001692","Eugene Phillips"
"http://data.carnegiehall.org/names/1001693","[first name unknown] Cabezon"
"http://data.carnegiehall.org/names/1001674","Akira Yuyama"
"http://data.carnegiehall.org/names/1001675","Paul Basler"
"http://data.carnegiehall.org/names/1001677","Mac Huff"
"http://data.carnegiehall.org/names/1001681","Milo Stevens"
"http://data.carnegiehall.org/names/1001684","William H. Berwald"
"http://data.carnegiehall.org/names/1001667","Barry O'Neal"
"http://data.carnegiehall.org/names/1001668","Aleksander Michalowski"
"http://data.carnegiehall.org/names/1001669","Mark Taylor"
"http://data.carnegiehall.org/names/1001670","Jan Rychlik"
"http://data.carnegiehall.org/names/1001671","Yu-Li Hwang"
"http://data.carnegiehall.org/names/1001673","Granville Bantock"
"http://data.carnegiehall.org/names/1001659","John Stromberg"
"http://data.carnegiehall.org/names/1001660","David Baker"
"http://data.carnegiehall.org/names/1001663","James Kessler"
"http://data.carnegiehall.org/names/1001664","Grace Wassall"
"http://data.carnegiehall.org/names/1001665","Henri Ketten"
"http://data.carnegiehall.org/names/1001666","William Ferris"
"http://data.carnegiehall.org/names/1001648","John Zdechlik"
"http://data.carnegiehall.org/names/1001651","Cuco Pena"
"http://data.carnegiehall.org/names/1001652","Albert Dietrich"
"http://data.carnegiehall.org/names/1001655","Sebastian de Albero"
"http://data.carnegiehall.org/names/1001657","Ricardo Castro Herrera"
"http://data.carnegiehall.org/names/1001658","Johann Wolfgang Franck"
"http://data.carnegiehall.org/names/1001635","Jay Gorney"
"http://data.carnegiehall.org/names/1001638","R. Kelly"
"http://data.carnegiehall.org/names/1001644","Christopher Simpson"
"http://data.carnegiehall.org/names/1001645","Josef Bayer"
"http://data.carnegiehall.org/names/1001647","Adoniram J. Gordon"
"http://data.carnegiehall.org/names/1001620","Joe Harnell"
"http://data.carnegiehall.org/names/1001622","Spruham Kennedy"
"http://data.carnegiehall.org/names/1001625","Giovanni Picchi"
"http://data.carnegiehall.org/names/1001626","Robert Seeley"
"http://data.carnegiehall.org/names/1001627","Juan José Castro"
"http://data.carnegiehall.org/names/1001630","[first name unknown] Peoples"
"http://data.carnegiehall.org/names/1001610","Paul Tietjens"
"http://data.carnegiehall.org/names/1001612","Richard Brooks"
"http://data.carnegiehall.org/names/1001613","Eustache Du Caurroy"
"http://data.carnegiehall.org/names/1001614","Jekabs Graubins"
"http://data.carnegiehall.org/names/1001617","William Wallace"
"http://data.carnegiehall.org/names/1001618","Melody Bober"
"http://data.carnegiehall.org/names/1001604","Alfred Margis"
"http://data.carnegiehall.org/names/1001605","Isidore Witmark"
"http://data.carnegiehall.org/names/1001606","Angela Diller"
"http://data.carnegiehall.org/names/1001607","Ennemond Gaultier"
"http://data.carnegiehall.org/names/1001608","Hyun Joo Lee"
"http://data.carnegiehall.org/names/1001609","Anthony Madigan"
"http://data.carnegiehall.org/names/1001597","Cornelis Dopper"
"http://data.carnegiehall.org/names/1001598","Henry W. Petrie"
"http://data.carnegiehall.org/names/1001599","Vladimir Grigor'yevich Zakharov"
"http://data.carnegiehall.org/names/1001600","Ted Snyder"
"http://data.carnegiehall.org/names/1001602","Karl Goetze"
"http://data.carnegiehall.org/names/1001603","[first name unknown] Starris"
"http://data.carnegiehall.org/names/1001591","Peter Cornelius"
"http://data.carnegiehall.org/names/1001592","Moritz Hauser"
"http://data.carnegiehall.org/names/1001593","Donald O. Johnston"
"http://data.carnegiehall.org/names/1001594","Egil Hovland"
"http://data.carnegiehall.org/names/1001595","Rebekah Harkness"
"http://data.carnegiehall.org/names/1001596","Agathon Billeter"
"http://data.carnegiehall.org/names/1001577","Thomas Haynes Bayly"
"http://data.carnegiehall.org/names/1001578","Yakiv Yatsynevych"
"http://data.carnegiehall.org/names/1001583","[first name unknown] Williams"
"http://data.carnegiehall.org/names/1001584","Thomas Canning"
"http://data.carnegiehall.org/names/1001586","James Leonard Brauer"
"http://data.carnegiehall.org/names/1001587","Miloje Milojevic"
"http://data.carnegiehall.org/names/1001571","Hennion Robinson"
"http://data.carnegiehall.org/names/1001572","Giles Farnaby"
"http://data.carnegiehall.org/names/1001573","Marco Bordogni"
"http://data.carnegiehall.org/names/1001574","Nicolae Bretan"
"http://data.carnegiehall.org/names/1001575","Francisco de Salinas"
"http://data.carnegiehall.org/names/1001576","Marco Taralli"
"http://data.carnegiehall.org/names/1001559","Woo-Sang Lim"
"http://data.carnegiehall.org/names/1001560","Joon Kong Suk"
"http://data.carnegiehall.org/names/1001561","[first name unknown] Henry"
"http://data.carnegiehall.org/names/1001562","Elam Sprenkle"
"http://data.carnegiehall.org/names/1001564","Rafael Balseiro Dávila"
"http://data.carnegiehall.org/names/1001570","[first name unknown] Lugenschmied"
"http://data.carnegiehall.org/names/1001549","George Templeton Strong"
"http://data.carnegiehall.org/names/1001553","Shao-yi Yan"
"http://data.carnegiehall.org/names/1001555","Torrie Zito"
"http://data.carnegiehall.org/names/1001556","António Carreira"
"http://data.carnegiehall.org/names/1001557","Kurt Schwertsik"
"http://data.carnegiehall.org/names/1001558","Ingeborg Von Bronsart"
"http://data.carnegiehall.org/names/1001541","Ludmila Ulehla"
"http://data.carnegiehall.org/names/1001542","Blagoje Bersa"
"http://data.carnegiehall.org/names/1001544","Joel Phillip Friedman"
"http://data.carnegiehall.org/names/1001545","Otto Ketting"
"http://data.carnegiehall.org/names/1001546","Clarence W. Dalbey"
"http://data.carnegiehall.org/names/1001548","Henri Martelli"
"http://data.carnegiehall.org/names/1001533","Robert D. Vandall"
"http://data.carnegiehall.org/names/1001534","Wilhelm Sturm"
"http://data.carnegiehall.org/names/1001535","Benvenuto Terzi"
"http://data.carnegiehall.org/names/1001536","Felipe de J. Ortega"
"http://data.carnegiehall.org/names/1001537","Hampartzoum Berberian"
"http://data.carnegiehall.org/names/1001540","Leon Bugg"
"http://data.carnegiehall.org/names/1028089","Paul Langston"
"http://data.carnegiehall.org/names/1001527","Tomaso Antonio Vitali"
"http://data.carnegiehall.org/names/1001528","[first name unknown] Avileh"
"http://data.carnegiehall.org/names/1001529","Judith Shatin"
"http://data.carnegiehall.org/names/1001530","Alicia Adélaïde Needham"
"http://data.carnegiehall.org/names/1028083","Nevett Barlow"
"http://data.carnegiehall.org/names/1028085","Josef Freudenthal"
"http://data.carnegiehall.org/names/1028087","Hugh Jones"
"http://data.carnegiehall.org/names/1028064","Steven Christopher Sacco"
"http://data.carnegiehall.org/names/1028067","Nevit Kodalli"
"http://data.carnegiehall.org/names/1028068","Olaf Bienert"
"http://data.carnegiehall.org/names/1028071","Joseph Liebman"
"http://data.carnegiehall.org/names/1028059","Krzysztof Niegowski"
"http://data.carnegiehall.org/names/1028045","Evelyn Turrentine-Agee"
"http://data.carnegiehall.org/names/1028041","Paulo Bosisio"
"http://data.carnegiehall.org/names/1028043","Lowe Finney"
"http://data.carnegiehall.org/names/1028029","Bonnie Dobson"
"http://data.carnegiehall.org/names/1028035","László Zempléni"
"http://data.carnegiehall.org/names/1028036","Stefania Turkevych"
"http://data.carnegiehall.org/names/1025882","Mikuláš Schneider-Trnavský"
"http://data.carnegiehall.org/names/1025884","Ladislav Holoubek"
"http://data.carnegiehall.org/names/1025886","Binna Kim"
"http://data.carnegiehall.org/names/1025887","Carolina Heredia"
"http://data.carnegiehall.org/names/1025876","Igor Luchenok"
"http://data.carnegiehall.org/names/1025877","Mikalaj Piatrenka"
"http://data.carnegiehall.org/names/1025878","Jakob Aljaž"
"http://data.carnegiehall.org/names/1025879","Janes Ev. Gasparic"
"http://data.carnegiehall.org/names/1025880","Luka Kramolc"
"http://data.carnegiehall.org/names/1025881","Fran Ferjancic"
"http://data.carnegiehall.org/names/1025875","Yury Semyanyaka"
"http://data.carnegiehall.org/names/1025850","Ma-Chu"
"http://data.carnegiehall.org/names/1025851","Congo"
"http://data.carnegiehall.org/names/1025852","Dick Higgins"
"http://data.carnegiehall.org/names/1025858","Harold Branch"
"http://data.carnegiehall.org/names/1025847","James Tenney"
"http://data.carnegiehall.org/names/1025849","Vytautas Landsbergis"
"http://data.carnegiehall.org/names/1025833","[first name unknown] Ford"
"http://data.carnegiehall.org/names/1025834","Artie Schroeck"
"http://data.carnegiehall.org/names/1025836","Sonny Bono"
"http://data.carnegiehall.org/names/1025839","Louis Durey"
"http://data.carnegiehall.org/names/1025830","Edward Levy"
"http://data.carnegiehall.org/names/1025831","Vernon Taylor"
"http://data.carnegiehall.org/names/1025832","Carl Sigmon"
"http://data.carnegiehall.org/names/1025820","Peirol"
"http://data.carnegiehall.org/names/1025821","Raimon de Miraval"
"http://data.carnegiehall.org/names/1025822","[first name unknown] Aubry"
"http://data.carnegiehall.org/names/1025813","Robert Silverham"
"http://data.carnegiehall.org/names/1025816","Cassietta George"
"http://data.carnegiehall.org/names/1025817","Carl Pflueger"
"http://data.carnegiehall.org/names/1025818","R. Kyer"
"http://data.carnegiehall.org/names/1025804","Keith Forsey"
"http://data.carnegiehall.org/names/1025810","Claude Gregory"
"http://data.carnegiehall.org/names/1025795","Matt Aitken"
"http://data.carnegiehall.org/names/1025796","Mike Stock"
"http://data.carnegiehall.org/names/1025797","Pete Waterman"
"http://data.carnegiehall.org/names/1025798","Michael Omartian"
"http://data.carnegiehall.org/names/1025799","Pete Bellotte"
"http://data.carnegiehall.org/names/1025803","Harold Faltermeyer"
"http://data.carnegiehall.org/names/1025784","A. Sher"
"http://data.carnegiehall.org/names/1025777","Filippo Amadei"
"http://data.carnegiehall.org/names/1025778","Antoine Dauvergne"
"http://data.carnegiehall.org/names/1025782","Ivo Cruz"
"http://data.carnegiehall.org/names/1025743","Gail Collins Pappalardi"
"http://data.carnegiehall.org/names/1025747","Sue Palmer"
"http://data.carnegiehall.org/names/1025748","Eddie Boyd"
"http://data.carnegiehall.org/names/1025752","Eddie Shuler"
"http://data.carnegiehall.org/names/1025726","Herb Abramson"
"http://data.carnegiehall.org/names/1025732","Lil' Son Jackson"
"http://data.carnegiehall.org/names/1025734","Bob Carleton"
"http://data.carnegiehall.org/names/1025735","Roger Hamilton Spotts"
"http://data.carnegiehall.org/names/1025742","Felix Pappalardi"
"http://data.carnegiehall.org/names/1025713","Gene Clark"
"http://data.carnegiehall.org/names/1025718","Eddie Cochran"
"http://data.carnegiehall.org/names/1025719","Jerry Capehart"
"http://data.carnegiehall.org/names/1025724","Dave Mason"
"http://data.carnegiehall.org/names/1025695","Buddy Black"
"http://data.carnegiehall.org/names/1025696","Artie Singer"
"http://data.carnegiehall.org/names/1025700","Vince Wallace"
"http://data.carnegiehall.org/names/1025705","Linda LaFlamme"
"http://data.carnegiehall.org/names/1025706","Irene Higginbotham"
"http://data.carnegiehall.org/names/1025707","Dan Fisher"
"http://data.carnegiehall.org/names/1025682","Roy Brown"
"http://data.carnegiehall.org/names/1025685","Blind Willie McTell"
"http://data.carnegiehall.org/names/1025686","Sonny Boy Williamson"
"http://data.carnegiehall.org/names/1025687","Marshall Sehorn"
"http://data.carnegiehall.org/names/1025694","Leroy Van Dyke"
"http://data.carnegiehall.org/names/1025672","Syd Barrett"
"http://data.carnegiehall.org/names/1025675","Kokomo Arnold"
"http://data.carnegiehall.org/names/1025676","Pearl King"
"http://data.carnegiehall.org/names/1025677","Anita Steinman"
"http://data.carnegiehall.org/names/1025678","Charles Mitchell"
"http://data.carnegiehall.org/names/1025681","Jim Morrison"
"http://data.carnegiehall.org/names/1025664","Myra Smith"
"http://data.carnegiehall.org/names/1025665","Jeff Simmons"
"http://data.carnegiehall.org/names/1025670","Ron Geesin"
"http://data.carnegiehall.org/names/1025660","Jerry Foster"
"http://data.carnegiehall.org/names/1025661","Bill Rice"
"http://data.carnegiehall.org/names/1025662","David Barnes"
"http://data.carnegiehall.org/names/1025663","Margaret Lewis"
"http://data.carnegiehall.org/names/1025640","Jimmy Miller"
"http://data.carnegiehall.org/names/1025645","Mort Shuman"
"http://data.carnegiehall.org/names/1025649","Keith Relf"
"http://data.carnegiehall.org/names/1025650","Paul Samwell-Smith"
"http://data.carnegiehall.org/names/1025651","Don Nix"
"http://data.carnegiehall.org/names/1025656","Gary Winfrey"
"http://data.carnegiehall.org/names/1025631","Sly Stone"
"http://data.carnegiehall.org/names/1025633","Jessie Hill"
"http://data.carnegiehall.org/names/1025634","Don Robey"
"http://data.carnegiehall.org/names/1025635","Jerry Butler"
"http://data.carnegiehall.org/names/1025623","Ulpio Minucci"
"http://data.carnegiehall.org/names/1025627","Alessandro Taccani"
"http://data.carnegiehall.org/names/1025615","Steve Boone"
"http://data.carnegiehall.org/names/1025616","Fred Parris"
"http://data.carnegiehall.org/names/1025618","Roy Edward Burris"
"http://data.carnegiehall.org/names/1025620","Gregg Jakobson"
"http://data.carnegiehall.org/names/1025621","Gary Usher"
"http://data.carnegiehall.org/names/1025602","Buddy Holly"
"http://data.carnegiehall.org/names/1025603","Norman Petty"
"http://data.carnegiehall.org/names/1025604","Tommy Tucker"
"http://data.carnegiehall.org/names/1025605","Rufus Thomas"
"http://data.carnegiehall.org/names/1025610","Mike Pinder"
"http://data.carnegiehall.org/names/1025614","Mark Sebastian"
"http://data.carnegiehall.org/names/1025588","Frederick Werlé"
"http://data.carnegiehall.org/names/1025591","Wen Talbot"
"http://data.carnegiehall.org/names/1025600","Hoyt Axton"
"http://data.carnegiehall.org/names/1025601","Gabriel Mekler"
"http://data.carnegiehall.org/names/1025572","Michele Pesenti"
"http://data.carnegiehall.org/names/1025577","Edward Lee Tyler"
"http://data.carnegiehall.org/names/1025569","Heino Eller"
"http://data.carnegiehall.org/names/1025570","Juhan Aavik"
"http://data.carnegiehall.org/names/1025564","Muttusvami Dikshitar"
"http://data.carnegiehall.org/names/1025559","Natalio Galán"
"http://data.carnegiehall.org/names/1025546","Rob Parissi"
"http://data.carnegiehall.org/names/1025538","Sid Tepper"
"http://data.carnegiehall.org/names/1025529","Trevor Lyttleton"
"http://data.carnegiehall.org/names/1025525","Michael Valenti"
"http://data.carnegiehall.org/names/1025513","O. Novahowsky"
"http://data.carnegiehall.org/names/1025515","Michael J. Lewis"
"http://data.carnegiehall.org/names/1025518","James Adler"
"http://data.carnegiehall.org/names/1025520","Billy Sherrill"
"http://data.carnegiehall.org/names/1025507","David Evans"
"http://data.carnegiehall.org/names/1025510","David Batteau"
"http://data.carnegiehall.org/names/1025511","E. Lowenhertz"
"http://data.carnegiehall.org/names/1025512","Adolph Gruenzweig"
"http://data.carnegiehall.org/names/1025496","J. Douglas Dodd"
"http://data.carnegiehall.org/names/1025488","Richard Behrke"
"http://data.carnegiehall.org/names/1025494","Wesley Portnoff"
"http://data.carnegiehall.org/names/1025478","David Hollander"
"http://data.carnegiehall.org/names/1025472","Salvatore Allegra"
"http://data.carnegiehall.org/names/1025462","Eduard Oja"
"http://data.carnegiehall.org/names/1025463","Mart Saar"
"http://data.carnegiehall.org/names/1025450","Kurt List"
"http://data.carnegiehall.org/names/1025451","Carter Harman"
"http://data.carnegiehall.org/names/1025453","Edouard Lippé"
"http://data.carnegiehall.org/names/1025443","Herman Berlandt"
"http://data.carnegiehall.org/names/1025447","Curtis Lee"
"http://data.carnegiehall.org/names/1025437","Vernon Martin"
"http://data.carnegiehall.org/names/1025441","John Wilson"
"http://data.carnegiehall.org/names/1025429","Jacopo da Bologna"
"http://data.carnegiehall.org/names/1025397","Ricardo Castillo"
"http://data.carnegiehall.org/names/1025391","Heinrich Lemacher"
"http://data.carnegiehall.org/names/1025392","Howard Wilson"
"http://data.carnegiehall.org/names/1025393","Robert Crane"
"http://data.carnegiehall.org/names/1025395","Enrique Iturriaga"
"http://data.carnegiehall.org/names/1025385","Carol Worthey"
"http://data.carnegiehall.org/names/1025376","Liza Lim"
"http://data.carnegiehall.org/names/1025380","Bart Kool"
"http://data.carnegiehall.org/names/1025383","William Flackton"
"http://data.carnegiehall.org/names/1025368","Kalevi Aho"
"http://data.carnegiehall.org/names/1025369","Stephen W. Beatty"
"http://data.carnegiehall.org/names/1025373","Akshaya Avril Tucker"
"http://data.carnegiehall.org/names/1025374","Florence Anna Maunders"
"http://data.carnegiehall.org/names/1025375","Helena Tulve"
"http://data.carnegiehall.org/names/1025360","Eddie Jones"
"http://data.carnegiehall.org/names/1025361","Doyle Bramhall"
"http://data.carnegiehall.org/names/1025362","Leo Gooden"
"http://data.carnegiehall.org/names/1025363","Gwen Collins"
"http://data.carnegiehall.org/names/1025356","O'Kelly Isley"
"http://data.carnegiehall.org/names/1025357","Rudolph Isley"
"http://data.carnegiehall.org/names/1025359","Mike Kindred"
"http://data.carnegiehall.org/names/1025338","Thomas F. Briggs"
"http://data.carnegiehall.org/names/1025330","Dave ""Curlee"" Williams"
"http://data.carnegiehall.org/names/1025331","Roy Hall"
"http://data.carnegiehall.org/names/1025333","Sylvie Derdeyn"
"http://data.carnegiehall.org/names/1025336","Randy Handley"
"http://data.carnegiehall.org/names/1025337","George Green"
"http://data.carnegiehall.org/names/1025322","Clifford Taylor"
"http://data.carnegiehall.org/names/1025324","John Ravenscroft"
"http://data.carnegiehall.org/names/1025325","William Young"
"http://data.carnegiehall.org/names/1025326","Daniel Purcell"
"http://data.carnegiehall.org/names/1025328","Bonifazio Asioli"
"http://data.carnegiehall.org/names/1025314","Harry R. Valante"
"http://data.carnegiehall.org/names/1025316","Anne Macky"
"http://data.carnegiehall.org/names/1025306","Joaquín Piñeros Corpas"
"http://data.carnegiehall.org/names/1025307","Francisco de Paula Aguirre"
"http://data.carnegiehall.org/names/1025310","Marjorie Goetschius"
"http://data.carnegiehall.org/names/1025299","José Claro Fumero"
"http://data.carnegiehall.org/names/1025295","Joseph Kabasele"
"http://data.carnegiehall.org/names/1025297","Adam Salim"
"http://data.carnegiehall.org/names/1025298","Baaba Maal"
"http://data.carnegiehall.org/names/1025280","Daoud Hosni"
"http://data.carnegiehall.org/names/1025264","Carly Golladay"
"http://data.carnegiehall.org/names/1025273","Jim James"
"http://data.carnegiehall.org/names/1025254","Matthijs van Dijk"
"http://data.carnegiehall.org/names/1025246","Jane Meenaghan"
"http://data.carnegiehall.org/names/1025248","Frank Felice"
"http://data.carnegiehall.org/names/1025251","Kyle Pederson"
"http://data.carnegiehall.org/names/1025252","George Farmer"
"http://data.carnegiehall.org/names/1025253","John Eccles"
"http://data.carnegiehall.org/names/1023068","[first name unknown] Rodé"
"http://data.carnegiehall.org/names/1023060","Enrico Simonetti"
"http://data.carnegiehall.org/names/1023062","Oberdan Pedrini"
"http://data.carnegiehall.org/names/1023057","Enzo Barile"
"http://data.carnegiehall.org/names/1023059","Costante Falpo"
"http://data.carnegiehall.org/names/1023052","Pino Donaggio"
"http://data.carnegiehall.org/names/1023053","Eros Sciorilli"
"http://data.carnegiehall.org/names/1023041","Tony Renis"
"http://data.carnegiehall.org/names/1023044","Daniele Pace"
"http://data.carnegiehall.org/names/1023046","Gino Ingrosso"
"http://data.carnegiehall.org/names/1023035","Melchior Hoffmann"
"http://data.carnegiehall.org/names/1023022","[first name unknown] Sofia"
"http://data.carnegiehall.org/names/1023015","Cecil Bentz"
"http://data.carnegiehall.org/names/1023016","Meyer Freistadt"
"http://data.carnegiehall.org/names/1022994","Juan de Anchieta"
"http://data.carnegiehall.org/names/1022990","Chesley Kahmann"
"http://data.carnegiehall.org/names/1022980","Piotr Rytel"
"http://data.carnegiehall.org/names/1022981","Bernhard Sekles"
"http://data.carnegiehall.org/names/1022982","August Reuss"
"http://data.carnegiehall.org/names/1022983","Henri Gagnebin"
"http://data.carnegiehall.org/names/1022985","Georges-Martin Witkowski"
"http://data.carnegiehall.org/names/1022974","Juan de Urrede"
"http://data.carnegiehall.org/names/1022975","Joan Brudieu"
"http://data.carnegiehall.org/names/1022978","Charles Sorrentino"
"http://data.carnegiehall.org/names/1022973","Daniel Friderici"
"http://data.carnegiehall.org/names/1022967","Guillaume Balay"
"http://data.carnegiehall.org/names/1022955","David H. Sargent"
"http://data.carnegiehall.org/names/1022956","Leilei Tian"
"http://data.carnegiehall.org/names/1022957","Douglas Pew"
"http://data.carnegiehall.org/names/1022958","Francisco Estévez"
"http://data.carnegiehall.org/names/1022959","Lansing D. McLoskey"
"http://data.carnegiehall.org/names/1022960","Lisa DeSpain"
"http://data.carnegiehall.org/names/1022952","James McConkie"
"http://data.carnegiehall.org/names/1022953","Merrill Bradshaw"
"http://data.carnegiehall.org/names/1022954","Laurence Lowe"
"http://data.carnegiehall.org/names/1022946","Peter Racine Fricker"
"http://data.carnegiehall.org/names/1022947","Eric Spencer Robinson"
"http://data.carnegiehall.org/names/1022931","Ross King"
"http://data.carnegiehall.org/names/1022925","Trent Cory"
"http://data.carnegiehall.org/names/1022926","Aaron Lindsey"
"http://data.carnegiehall.org/names/1022927","Tim Wanstall"
"http://data.carnegiehall.org/names/1022928","James Berrian"
"http://data.carnegiehall.org/names/1022929","Jordan Johnson"
"http://data.carnegiehall.org/names/1022930","Benjamin Backus"
"http://data.carnegiehall.org/names/1022918","Todd Coleman"
"http://data.carnegiehall.org/names/1022920","Susan Boersma"
"http://data.carnegiehall.org/names/1022921","Sulpitia Cesis"
"http://data.carnegiehall.org/names/1022912","Vernon Eville"
"http://data.carnegiehall.org/names/1022913","Al Shean"
"http://data.carnegiehall.org/names/1022914","Julia Stilman"
"http://data.carnegiehall.org/names/1022915","Jorge Olaya Muñoz"
"http://data.carnegiehall.org/names/1022910","Frederick Ellis"
"http://data.carnegiehall.org/names/1022882","Shojiro Kineya"
"http://data.carnegiehall.org/names/1022884","Rosen Tosha"
"http://data.carnegiehall.org/names/1022878","Paul Dorsam"
"http://data.carnegiehall.org/names/1022879","George Andrix"
"http://data.carnegiehall.org/names/1022865","Pavlo Scholz"
"http://data.carnegiehall.org/names/1022866","Oleksandr Fedorovych Znosko-Borovsky"
"http://data.carnegiehall.org/names/1022867","J. Lasowskyj"
"http://data.carnegiehall.org/names/1022868","Giuseppe Colombi"
"http://data.carnegiehall.org/names/1022872","David Stone"
"http://data.carnegiehall.org/names/1022862","Severyn Saprun"
"http://data.carnegiehall.org/names/1022863","Mykola Dremluha"
"http://data.carnegiehall.org/names/1022864","Alois Jedlicka"
"http://data.carnegiehall.org/names/1022851","Bernard Brazin"
"http://data.carnegiehall.org/names/1022852","Carlo Giorgio Garofalo"
"http://data.carnegiehall.org/names/1022856","Konnor Halsey"
"http://data.carnegiehall.org/names/1022839","Domingo Miguel Bernabe Terradellas"
"http://data.carnegiehall.org/names/1022842","Bob Daisley"
"http://data.carnegiehall.org/names/1022843","Ozzy Osbourne"
"http://data.carnegiehall.org/names/1022844","Randy Rhoads"
"http://data.carnegiehall.org/names/1022835","James Varrick Armaah"
"http://data.carnegiehall.org/names/1022836","Jay Chou"
"http://data.carnegiehall.org/names/1022823","Kadisha Onalbayeva"
"http://data.carnegiehall.org/names/1022824","Jerry Sieg"
"http://data.carnegiehall.org/names/1022825","Michael Coleman"
"http://data.carnegiehall.org/names/1022827","Piergiorgio Ratti"
"http://data.carnegiehall.org/names/1022813","Chris Massa"
"http://data.carnegiehall.org/names/1022814","Andrew Worden"
"http://data.carnegiehall.org/names/1022819","Robin de Raaff"
"http://data.carnegiehall.org/names/1022800","Akiko Kobayashi"
"http://data.carnegiehall.org/names/1022806","Peter S. Shin"
"http://data.carnegiehall.org/names/1022809","Aurél Holló"
"http://data.carnegiehall.org/names/1022810","Mel Broiles"
"http://data.carnegiehall.org/names/1022792","Giovanni Piacentini"
"http://data.carnegiehall.org/names/1022793","Joanne D. Carey"
"http://data.carnegiehall.org/names/1022794","Bruce Babcock"
"http://data.carnegiehall.org/names/1022796","Takatsugu Murumatsu"
"http://data.carnegiehall.org/names/1022797","Anne Boyd"
"http://data.carnegiehall.org/names/1022786","David Hamilton"
"http://data.carnegiehall.org/names/1022787","Carrie Magin"
"http://data.carnegiehall.org/names/1022788","Beth Mehocic"
"http://data.carnegiehall.org/names/1022789","Sidney Bailin"
"http://data.carnegiehall.org/names/1022790","L. Peter Deutsch"
"http://data.carnegiehall.org/names/1022791","Clive Muncaster"
"http://data.carnegiehall.org/names/1022781","Johann Adam Birkenstock"
"http://data.carnegiehall.org/names/1022783","Wen-Ye Jiang"
"http://data.carnegiehall.org/names/1022785","Jeff Christmas"
"http://data.carnegiehall.org/names/1022762","Derrick Spiva Jr."
"http://data.carnegiehall.org/names/1022765","Rhymefest"
"http://data.carnegiehall.org/names/1022756","Kenneth Ascher"
"http://data.carnegiehall.org/names/1022758","John Stewart"
"http://data.carnegiehall.org/names/1022734","Stan Vincent"
"http://data.carnegiehall.org/names/1022735","Charles Halka"
"http://data.carnegiehall.org/names/1022736","David Lipten"
"http://data.carnegiehall.org/names/1022737","Roee Ben Sira"
"http://data.carnegiehall.org/names/1022731","Miki Oda"
"http://data.carnegiehall.org/names/1022733","Al Bell"
"http://data.carnegiehall.org/names/1022721","Vittorio Montalti"
"http://data.carnegiehall.org/names/1022714","David Rubinoff"
"http://data.carnegiehall.org/names/1022702","Nicola Fago"
"http://data.carnegiehall.org/names/1022703","Gaetano Maria Schiassi"
"http://data.carnegiehall.org/names/1022706","Margaret King"
"http://data.carnegiehall.org/names/1022707","Lyn Williams"
"http://data.carnegiehall.org/names/1022695","Brooke Fraser"
"http://data.carnegiehall.org/names/1022696","Lorraine Ferro"
"http://data.carnegiehall.org/names/1022697","Stephanie Lewis"
"http://data.carnegiehall.org/names/1022698","Twila Labar"
"http://data.carnegiehall.org/names/1022699","Joel Lindsey"
"http://data.carnegiehall.org/names/1022690","Jonathan David Helser"
"http://data.carnegiehall.org/names/1022691","Joel Case"
"http://data.carnegiehall.org/names/1022692","Lisa Ireland"
"http://data.carnegiehall.org/names/1022693","Ernest Estee Bullock"
"http://data.carnegiehall.org/names/1022694","Nate McNair"
"http://data.carnegiehall.org/names/1022683","Paul Field"
"http://data.carnegiehall.org/names/1022684","Henk Pool"
"http://data.carnegiehall.org/names/1022685","Robert Rierkerk"
"http://data.carnegiehall.org/names/1022686","Ralph van Manen"
"http://data.carnegiehall.org/names/1022687","Joe Beck"
"http://data.carnegiehall.org/names/1022688","Unspoken"
"http://data.carnegiehall.org/names/1022678","Annie Herring"
"http://data.carnegiehall.org/names/1022681","Nancy Grandquist"
"http://data.carnegiehall.org/names/1022668","Roberto Wilson Ábalos"
"http://data.carnegiehall.org/names/1022669","Víctor Manuel Ábalos"
"http://data.carnegiehall.org/names/1022672","Brian Lasser"
"http://data.carnegiehall.org/names/1022675","Shelly Markham"
"http://data.carnegiehall.org/names/1022659","Jules Charles (J. G.) Pennequin"
"http://data.carnegiehall.org/names/1022665","Adolfo Àbalos"
"http://data.carnegiehall.org/names/1022666","Marcelo Raul Ábalos"
"http://data.carnegiehall.org/names/1022667","Napoleón Benjamín Ábalos"
"http://data.carnegiehall.org/names/1022655","Thomas Hewitt Jones"
"http://data.carnegiehall.org/names/1022640","Bhumibol Adulyadej, King of Thailand"
"http://data.carnegiehall.org/names/1022641","Pantawit Kiangsiri"
"http://data.carnegiehall.org/names/1022642","Gregory Peebles"
"http://data.carnegiehall.org/names/1022643","Eugène Poncin"
"http://data.carnegiehall.org/names/1022632","William Gomez"
"http://data.carnegiehall.org/names/1022634","Kevin Kern"
"http://data.carnegiehall.org/names/1022637","Stephen Chin"
"http://data.carnegiehall.org/names/1022638","Chris Ozley"
"http://data.carnegiehall.org/names/1022624","Ricardo Silveira"
"http://data.carnegiehall.org/names/1022625","Vítor Martins"
"http://data.carnegiehall.org/names/1022628","Roberto Paolo Riggio"
"http://data.carnegiehall.org/names/1022614","Ismet Siral"
"http://data.carnegiehall.org/names/1022615","Sükrü Tunar"
"http://data.carnegiehall.org/names/1022620","Jackson Hill"
"http://data.carnegiehall.org/names/1022605","Taylor Ackley"
"http://data.carnegiehall.org/names/1022606","Anna Thorvaldsdottir"
"http://data.carnegiehall.org/names/1022607","Andrea Clearfield"
"http://data.carnegiehall.org/names/1022608","Ondrej Kukal"
"http://data.carnegiehall.org/names/1022611","Korneel Decae"
"http://data.carnegiehall.org/names/1022595","Amy Williams"
"http://data.carnegiehall.org/names/1022586","Andrew Hsu"
"http://data.carnegiehall.org/names/1022587","Adam O'Farrill"
"http://data.carnegiehall.org/names/1022588","Alexis Bosch"
"http://data.carnegiehall.org/names/1022591","Khristo Todorov"
"http://data.carnegiehall.org/names/1022592","Michael J. Evans"
"http://data.carnegiehall.org/names/1022593","Dwight Beckham"
"http://data.carnegiehall.org/names/1022580","Dino Saluzzi"
"http://data.carnegiehall.org/names/1022581","Dan Smith"
"http://data.carnegiehall.org/names/1022582","Jeff Porcaro"
"http://data.carnegiehall.org/names/1022585","Ethan Cypress"
"http://data.carnegiehall.org/names/1022574","Valts Puce"
"http://data.carnegiehall.org/names/1022576","Robert Ashford"
"http://data.carnegiehall.org/names/1022578","Carl Webster"
"http://data.carnegiehall.org/names/1022579","C. Price Walden"
"http://data.carnegiehall.org/names/1022567","Jonathan May"
"http://data.carnegiehall.org/names/1022568","Roger Treece"
"http://data.carnegiehall.org/names/1022569","Josu Elberdin"
"http://data.carnegiehall.org/names/1022570","Jeremy Collins"
"http://data.carnegiehall.org/names/1022572","Trent Reznor"
"http://data.carnegiehall.org/names/1022560","Richard Oberacker"
"http://data.carnegiehall.org/names/1022562","Will Donaldson"
"http://data.carnegiehall.org/names/1022563","Robert Blackwell"
"http://data.carnegiehall.org/names/1022564","Enotris Johnson"
"http://data.carnegiehall.org/names/1022565","Melanie Penn"
"http://data.carnegiehall.org/names/1022566","AJ Harbison"
"http://data.carnegiehall.org/names/1022555","Tim Minchin"
"http://data.carnegiehall.org/names/1022556","Jim Jacobs"
"http://data.carnegiehall.org/names/1022558","Benj Pasek"
"http://data.carnegiehall.org/names/1022559","Justin Paul"
"http://data.carnegiehall.org/names/1022547","J. A. C. Redford"
"http://data.carnegiehall.org/names/1022551","Ilari Hylkilä"
"http://data.carnegiehall.org/names/1022552","Adrian Gordon"
"http://data.carnegiehall.org/names/1022553","Tom Kitt"
"http://data.carnegiehall.org/names/1022543","Vytautas Miškinis"
"http://data.carnegiehall.org/names/1022534","Theodore Lucas"
"http://data.carnegiehall.org/names/1022538","Jukka Viitasaari"
"http://data.carnegiehall.org/names/1022527","Jonny Priano"
"http://data.carnegiehall.org/names/1022528","Marques L. A. Garrett"
"http://data.carnegiehall.org/names/1022532","Raimonds Tiguls"
"http://data.carnegiehall.org/names/1022519","Sarah Quartel"
"http://data.carnegiehall.org/names/1022520","Ryan Main"
"http://data.carnegiehall.org/names/1022523","Don Macdonald"
"http://data.carnegiehall.org/names/1022525","Christine Yarian"
"http://data.carnegiehall.org/names/1022513","Larry Barton"
"http://data.carnegiehall.org/names/1022518","Israel Kagaruki"
"http://data.carnegiehall.org/names/1022507","Anton Seifert"
"http://data.carnegiehall.org/names/1022512","Pietro Reggio"
"http://data.carnegiehall.org/names/1022496","Buryl Red"
"http://data.carnegiehall.org/names/1022504","Thomas Kotcheff"
"http://data.carnegiehall.org/names/1022487","Adam Carse"
"http://data.carnegiehall.org/names/1022488","Jodie Blackshaw"
"http://data.carnegiehall.org/names/1022493","Gary Kuo"
"http://data.carnegiehall.org/names/1022495","Greg Simon"
"http://data.carnegiehall.org/names/1022483","William H. Weigel"
"http://data.carnegiehall.org/names/1022485","Yea-Kyung Chung"
"http://data.carnegiehall.org/names/1022486","Marilyn Scott"
"http://data.carnegiehall.org/names/1022464","Jamie Harrison Jones"
"http://data.carnegiehall.org/names/1022465","James Nyx"
"http://data.carnegiehall.org/names/1022467","Sandhya Kilambi"
"http://data.carnegiehall.org/names/1022468","Joseph Wilson"
"http://data.carnegiehall.org/names/1022471","Kenyatta Hughes"
"http://data.carnegiehall.org/names/1022472","Belmont Academy"
"http://data.carnegiehall.org/names/1022453","Piers Hellawell"
"http://data.carnegiehall.org/names/1022454","Rosie Langabeer"
"http://data.carnegiehall.org/names/1022455","Adolf Sandberger"
"http://data.carnegiehall.org/names/1022456","Krzysztof Zgraja"
"http://data.carnegiehall.org/names/1022461","Queenasia Baker"
"http://data.carnegiehall.org/names/1022447","Memphis Minnie"
"http://data.carnegiehall.org/names/1022448","Ben E. King"
"http://data.carnegiehall.org/names/1022449","James Bethea"
"http://data.carnegiehall.org/names/1022450","Anne Bredon"
"http://data.carnegiehall.org/names/1022451","Howlin' Wolf"
"http://data.carnegiehall.org/names/1022452","Max Stoffregen"
"http://data.carnegiehall.org/names/1022441","Pärt Uusberg"
"http://data.carnegiehall.org/names/1022443","Felix Herron"
"http://data.carnegiehall.org/names/1022430","Yosuke Fukuda"
"http://data.carnegiehall.org/names/1022432","Zhixin Wang"
"http://data.carnegiehall.org/names/1022433","Tuoga Wuzha"
"http://data.carnegiehall.org/names/1022434","Fengjiao Chen"
"http://data.carnegiehall.org/names/1022424","Leonard Scott"
"http://data.carnegiehall.org/names/1022426","James Gossler"
"http://data.carnegiehall.org/names/1022427","Daniel Montoya Jr."
"http://data.carnegiehall.org/names/1022421","Rob Dietz"
"http://data.carnegiehall.org/names/1022422","Marcelino Guerra"
"http://data.carnegiehall.org/names/1022411","Tristan Perich"
"http://data.carnegiehall.org/names/1022390","Lesley Flanigan"
"http://data.carnegiehall.org/names/1022391","Andrey Rubtsov"
"http://data.carnegiehall.org/names/1022392","M. Gorshkov"
"http://data.carnegiehall.org/names/1022393","Andrey Semenov"
"http://data.carnegiehall.org/names/1022394","Yuri Dolzhikov"
"http://data.carnegiehall.org/names/1022395","Osvaldo Fresedo"
"http://data.carnegiehall.org/names/1022383","Omar Thomas"
"http://data.carnegiehall.org/names/1022387","Philip Czaplowski"
"http://data.carnegiehall.org/names/1022389","Gulli Björnsson"
"http://data.carnegiehall.org/names/1020177","Olivier Truan"
"http://data.carnegiehall.org/names/1020178","Andrew Howes"
"http://data.carnegiehall.org/names/1020180","Momoko Sakura"
"http://data.carnegiehall.org/names/1020169","Steve Reisteter"
"http://data.carnegiehall.org/names/1020174","Norio Suzuki"
"http://data.carnegiehall.org/names/1020162","Michael E. Montgomery"
"http://data.carnegiehall.org/names/1020163","Nick Myers"
"http://data.carnegiehall.org/names/1020166","Rick Hirsch"
"http://data.carnegiehall.org/names/1020167","Kristin Berardi"
"http://data.carnegiehall.org/names/1020154","Seth Houston"
"http://data.carnegiehall.org/names/1020159","Dale Sakamoto"
"http://data.carnegiehall.org/names/1020161","Barbara W. Baker"
"http://data.carnegiehall.org/names/1020148","Karen Linford Robinson"
"http://data.carnegiehall.org/names/1020150","Joshua Hobbs"
"http://data.carnegiehall.org/names/1020151","Ayatey Shabazz"
"http://data.carnegiehall.org/names/1020140","Jeff Braverman"
"http://data.carnegiehall.org/names/1020141","Jonathan Rimberg"
"http://data.carnegiehall.org/names/1020143","Benjamin Nagari"
"http://data.carnegiehall.org/names/1020144","David Shukiar"
"http://data.carnegiehall.org/names/1020145","Mikael Carlsson"
"http://data.carnegiehall.org/names/1020133","Zack Taylor"
"http://data.carnegiehall.org/names/1020134","George Hernandez"
"http://data.carnegiehall.org/names/1020135","Eli Gamliel"
"http://data.carnegiehall.org/names/1020137","Yonatan Razel"
"http://data.carnegiehall.org/names/1020139","Matityahu Shelem"
"http://data.carnegiehall.org/names/1020127","Eric Knechtges"
"http://data.carnegiehall.org/names/1020128","Matt Conaway"
"http://data.carnegiehall.org/names/1020129","Ron Davies"
"http://data.carnegiehall.org/names/1020130","Black Francis"
"http://data.carnegiehall.org/names/1020131","Robert A. Boyd"
"http://data.carnegiehall.org/names/1020132","Petar Liondev"
"http://data.carnegiehall.org/names/1020120","Jacob de Haan"
"http://data.carnegiehall.org/names/1020123","John Wyeth"
"http://data.carnegiehall.org/names/1020124","Ivana Loudova"
"http://data.carnegiehall.org/names/1020125","Ofer Ben-Amots"
"http://data.carnegiehall.org/names/1020114","Alex T. Favazza"
"http://data.carnegiehall.org/names/1020116","Jimmy Rankin"
"http://data.carnegiehall.org/names/1020117","Roger Hand"
"http://data.carnegiehall.org/names/1020119","Victor Flowers"
"http://data.carnegiehall.org/names/1020108","Roland Forrest Seitz"
"http://data.carnegiehall.org/names/1020113","Ambroz Copi"
"http://data.carnegiehall.org/names/1020093","Detlev Glanert"
"http://data.carnegiehall.org/names/1020099","Adolf Frey"
"http://data.carnegiehall.org/names/1020100","Bernard Schram"
"http://data.carnegiehall.org/names/1020101","N. Zubov"
"http://data.carnegiehall.org/names/1020102","[first name unknown] Zak"
"http://data.carnegiehall.org/names/1020081","Micah Levy"
"http://data.carnegiehall.org/names/1020083","Theo Charlier"
"http://data.carnegiehall.org/names/1020086","Randy Jordan"
"http://data.carnegiehall.org/names/1020079","Steve Dobrogosz"
"http://data.carnegiehall.org/names/1020065","Daniel Kramlich"
"http://data.carnegiehall.org/names/1020066","Alexandra T. Bryant"
"http://data.carnegiehall.org/names/1020067","George Heathco"
"http://data.carnegiehall.org/names/1020068","Ian Ng"
"http://data.carnegiehall.org/names/1020069","Robert Jay Garza III"
"http://data.carnegiehall.org/names/1020071","Julia Adolphe"
"http://data.carnegiehall.org/names/1020059","Kenneth Baird"
"http://data.carnegiehall.org/names/1020060","William G. Harbinson"
"http://data.carnegiehall.org/names/1020061","Yukiko Nishimura"
"http://data.carnegiehall.org/names/1020062","Henry Watts"
"http://data.carnegiehall.org/names/1020064","Jack Benson"
"http://data.carnegiehall.org/names/1020050","Jeff Marx"
"http://data.carnegiehall.org/names/1020051","Trey Parker"
"http://data.carnegiehall.org/names/1020052","Matt Stone"
"http://data.carnegiehall.org/names/1020056","Aaron Perrine"
"http://data.carnegiehall.org/names/1020043","Slawomir Chicor"
"http://data.carnegiehall.org/names/1020038","Shelley Hanson"
"http://data.carnegiehall.org/names/1020039","Timothy A. Corpus"
"http://data.carnegiehall.org/names/1020040","California Guitar Trio"
"http://data.carnegiehall.org/names/1020042","Michael Kallstrom"
"http://data.carnegiehall.org/names/1020030","Geung-Soo Yim"
"http://data.carnegiehall.org/names/1020031","Deok-Ki Chung"
"http://data.carnegiehall.org/names/1020032","Hyun-Surk Choi"
"http://data.carnegiehall.org/names/1020034","Tonia Ko"
"http://data.carnegiehall.org/names/1020035","Giovanni Battista Fasolo"
"http://data.carnegiehall.org/names/1020023","Zachary J. Moore"
"http://data.carnegiehall.org/names/1020024","Margaret Becker"
"http://data.carnegiehall.org/names/1020016","Dirk Brossé"
"http://data.carnegiehall.org/names/1020018","Thomas Lavoy"
"http://data.carnegiehall.org/names/1020020","John Frantzen"
"http://data.carnegiehall.org/names/1020010","Byttering"
"http://data.carnegiehall.org/names/1020011","Soursby"
"http://data.carnegiehall.org/names/1020012","John Plummer"
"http://data.carnegiehall.org/names/1020013","Richard Davy"
"http://data.carnegiehall.org/names/1020014","Walter Lambe"
"http://data.carnegiehall.org/names/1020015","Luchas"
"http://data.carnegiehall.org/names/1020004","Peter of Blois"
"http://data.carnegiehall.org/names/1020005","Notre Dame school"
"http://data.carnegiehall.org/names/1020006","Gervays"
"http://data.carnegiehall.org/names/1020007","Pycard"
"http://data.carnegiehall.org/names/1020008","Trebor"
"http://data.carnegiehall.org/names/1020009","Roy Henry"
"http://data.carnegiehall.org/names/1019997","Barrett Strong"
"http://data.carnegiehall.org/names/1019999","Jean Baptiste Loeillet"
"http://data.carnegiehall.org/names/1020003","Richard I, King of England"
"http://data.carnegiehall.org/names/1019991","Jane Antonia Cornish"
"http://data.carnegiehall.org/names/1019993","Garth Knox"
"http://data.carnegiehall.org/names/1019994","Danny Clay"
"http://data.carnegiehall.org/names/1019995","N. Rajam"
"http://data.carnegiehall.org/names/1019996","Albert Behar"
"http://data.carnegiehall.org/names/1019985","Andrea Casarrubios"
"http://data.carnegiehall.org/names/1019987","Svante Henryson"
"http://data.carnegiehall.org/names/1019988","Auguste Franchomme"
"http://data.carnegiehall.org/names/1019990","Tetsuro Hoshii"
"http://data.carnegiehall.org/names/1019978","Peter Van Zandt Lane"
"http://data.carnegiehall.org/names/1019981","Chris Pilsner"
"http://data.carnegiehall.org/names/1019969","Cheryl Hardwick"
"http://data.carnegiehall.org/names/1019976","Jukka Linkola"
"http://data.carnegiehall.org/names/1019955","Allen Cohen"
"http://data.carnegiehall.org/names/1019948","D. Fox"
"http://data.carnegiehall.org/names/1019940","Louis Silvers"
"http://data.carnegiehall.org/names/1019943","Septimus Winner"
"http://data.carnegiehall.org/names/1019931","Janet Roddick"
"http://data.carnegiehall.org/names/1019932","David Long"
"http://data.carnegiehall.org/names/1019933","Frank Paparelli"
"http://data.carnegiehall.org/names/1019937","Harry Carroll"
"http://data.carnegiehall.org/names/1019925","Everett Robbins"
"http://data.carnegiehall.org/names/1019928","Plan 9"
"http://data.carnegiehall.org/names/1019929","David Donaldson"
"http://data.carnegiehall.org/names/1019930","Steven Roche"
"http://data.carnegiehall.org/names/1019919","Lawrence Wright"
"http://data.carnegiehall.org/names/1019920","Michael Carr"
"http://data.carnegiehall.org/names/1019921","Kai Mortensen"
"http://data.carnegiehall.org/names/1019922","Pyotr Goncharov"
"http://data.carnegiehall.org/names/1019923","Roman Kupchynsky"
"http://data.carnegiehall.org/names/1019909","Elaina Mezzetti"
"http://data.carnegiehall.org/names/1019913","Mamoun Al-Shinawi"
"http://data.carnegiehall.org/names/1019916","Janet de Almeida"
"http://data.carnegiehall.org/names/1019900","Daniel Lemay"
"http://data.carnegiehall.org/names/1019905","Pierre Akendengué"
"http://data.carnegiehall.org/names/1019908","Tracy Batteaste"
"http://data.carnegiehall.org/names/1019889","HoJoon Hwang"
"http://data.carnegiehall.org/names/1019891","Wayne Oldham"
"http://data.carnegiehall.org/names/1019895","Gilles Thibaut"
"http://data.carnegiehall.org/names/1019897","Giuseppe Adami"
"http://data.carnegiehall.org/names/1019880","Robert Wells"
"http://data.carnegiehall.org/names/1019882","David Chase"
"http://data.carnegiehall.org/names/1019886","Ying Jiang"
"http://data.carnegiehall.org/names/1019872","Bartosz Kowalski-Banasewicz"
"http://data.carnegiehall.org/names/1019873","Lisa Young"
"http://data.carnegiehall.org/names/1019874","Simon Jeffes"
"http://data.carnegiehall.org/names/1019878","A. Goldstein"
"http://data.carnegiehall.org/names/1019866","Grzegorz Miskiewicz"
"http://data.carnegiehall.org/names/1019867","Mariusz Matuszewski"
"http://data.carnegiehall.org/names/1019868","Grzegorz Rubin"
"http://data.carnegiehall.org/names/1019869","Christopher Azzarra"
"http://data.carnegiehall.org/names/1019870","Marek Raczynski"
"http://data.carnegiehall.org/names/1019871","Marten Jansson"
"http://data.carnegiehall.org/names/1019859","Ghazaros Saryan"
"http://data.carnegiehall.org/names/1019863","Emiliano Imondi"
"http://data.carnegiehall.org/names/1019865","Geoffrey Gordon"
"http://data.carnegiehall.org/names/1019850","Tina Campbell"
"http://data.carnegiehall.org/names/1019852","David Crawford"
"http://data.carnegiehall.org/names/1019858","Hovik Sardaryan"
"http://data.carnegiehall.org/names/1019845","Mary Gardner"
"http://data.carnegiehall.org/names/1019847","Reg Connelly"
"http://data.carnegiehall.org/names/1019848","Warryn Campbell"
"http://data.carnegiehall.org/names/1019834","Chris Martin"
"http://data.carnegiehall.org/names/1019835","Brian Eno"
"http://data.carnegiehall.org/names/1019828","Nancy Hill Cobb"
"http://data.carnegiehall.org/names/1019829","Christopher Guardino"
"http://data.carnegiehall.org/names/1019831","Guy Berryman"
"http://data.carnegiehall.org/names/1019832","Jonny Buckland"
"http://data.carnegiehall.org/names/1019833","Will Champion"
"http://data.carnegiehall.org/names/1019819","Ronu Majumdar"
"http://data.carnegiehall.org/names/1019823","Walter Santos"
"http://data.carnegiehall.org/names/1019824","Tereza Souza"
"http://data.carnegiehall.org/names/1019802","Michael Ippolito"
"http://data.carnegiehall.org/names/1019791","Juan Calderon"
"http://data.carnegiehall.org/names/1019792","Pedro Miguel Marqués"
"http://data.carnegiehall.org/names/1019794","Juan Pablo Contreras"
"http://data.carnegiehall.org/names/1019784","Simon Wilson"
"http://data.carnegiehall.org/names/1019785","Tim Bailey"
"http://data.carnegiehall.org/names/1019786","Percy Bady"
"http://data.carnegiehall.org/names/1019788","Ron Melrose"
"http://data.carnegiehall.org/names/1019789","Don Pelosi"
"http://data.carnegiehall.org/names/1019790","Jaime León"
"http://data.carnegiehall.org/names/1019777","Peter Zizzo"
"http://data.carnegiehall.org/names/1019778","Ric Wake"
"http://data.carnegiehall.org/names/1019779","Céline Dion"
"http://data.carnegiehall.org/names/1019781","Lavon Gray"
"http://data.carnegiehall.org/names/1019782","Tony Guerrero"
"http://data.carnegiehall.org/names/1019783","Jeral Gray Sr."
"http://data.carnegiehall.org/names/1019767","Ayako Onizawa"
"http://data.carnegiehall.org/names/1019769","John Kluczko"
"http://data.carnegiehall.org/names/1019763","Arthur Herzog Jr."
"http://data.carnegiehall.org/names/1019755","Facundo Cabral"
"http://data.carnegiehall.org/names/1019756","Joseph Waters"
"http://data.carnegiehall.org/names/1019757","John Plant"
"http://data.carnegiehall.org/names/1019758","Juan Vert"
"http://data.carnegiehall.org/names/1019747","Georges Moustaki"
"http://data.carnegiehall.org/names/1019749","Sasha Argov"
"http://data.carnegiehall.org/names/1019751","Horacio Guarany"
"http://data.carnegiehall.org/names/1019753","Udo Jurgens"
"http://data.carnegiehall.org/names/1019744","Norbert Schultze"
"http://data.carnegiehall.org/names/1019746","Moti Hamer"
"http://data.carnegiehall.org/names/1019731","Kathleen St. John"
"http://data.carnegiehall.org/names/1019734","Adrienne Elisha"
"http://data.carnegiehall.org/names/1019723","Tashtan Ermatov"
"http://data.carnegiehall.org/names/1019724","Kalyi Moldobasanov"
"http://data.carnegiehall.org/names/1019717","Ok-sam Choi"
"http://data.carnegiehall.org/names/1019718","Kyounghoon Park"
"http://data.carnegiehall.org/names/1019719","Bang-ean Yang"
"http://data.carnegiehall.org/names/1019720","Kyoungseop Lee"
"http://data.carnegiehall.org/names/1019708","Hyung Jin Lee"
"http://data.carnegiehall.org/names/1019709","Shelly Hamilton"
"http://data.carnegiehall.org/names/1019712","Tianji Xie"
"http://data.carnegiehall.org/names/1019713","Chien-Nien Chen"
"http://data.carnegiehall.org/names/1019714","Stephen Glover"
"http://data.carnegiehall.org/names/1019694","Dobrinka Tabakova"
"http://data.carnegiehall.org/names/1019695","Bertrand Moren"
"http://data.carnegiehall.org/names/1019696","Andrés Soto"
"http://data.carnegiehall.org/names/1019683","Philip Phillips"
"http://data.carnegiehall.org/names/1019684","John Warrington Hatton"
"http://data.carnegiehall.org/names/1019690","Alain B. Nzeuming"
"http://data.carnegiehall.org/names/1019669","Faruk Kanca"
"http://data.carnegiehall.org/names/1019672","Skip Scarborough"
"http://data.carnegiehall.org/names/1019673","William Salter"
"http://data.carnegiehall.org/names/1019676","Judah Adashi"
"http://data.carnegiehall.org/names/1019681","J. B. Lenoir"
"http://data.carnegiehall.org/names/1019666","[first name unknown] Halpern"
"http://data.carnegiehall.org/names/1019668","Sean J. Kennedy"
"http://data.carnegiehall.org/names/1019655","H. Lee"
"http://data.carnegiehall.org/names/1019661","Lillebjørn Nilsen"
"http://data.carnegiehall.org/names/1019637","Joe Daniels"
"http://data.carnegiehall.org/names/1019627","Enrique Jorrin"
"http://data.carnegiehall.org/names/1019629","Heinz Gietz"
"http://data.carnegiehall.org/names/1019630","Carlo Concina"
"http://data.carnegiehall.org/names/1019631","Pino D'Olbia"
"http://data.carnegiehall.org/names/1019621","Maoyun Cheng"
"http://data.carnegiehall.org/names/1019613","Scott Hayden"
"http://data.carnegiehall.org/names/1019614","Donald Lambert"
"http://data.carnegiehall.org/names/1019604","C. W. Murphy"
"http://data.carnegiehall.org/names/1019606","Lucius Hosmer"
"http://data.carnegiehall.org/names/1019607","Norma Gregg"
"http://data.carnegiehall.org/names/1019608","Saad Haddad"
"http://data.carnegiehall.org/names/1019610","Gity Razaz"
"http://data.carnegiehall.org/names/1019611","Fode Lassana Diabate"
"http://data.carnegiehall.org/names/1019596","Augusto Cesare Seghizzi"
"http://data.carnegiehall.org/names/1019598","Benjamin Ipavec"
"http://data.carnegiehall.org/names/1019591","Jacob Cooper"
"http://data.carnegiehall.org/names/1019594","Michael-Thomas Foumai"
"http://data.carnegiehall.org/names/1019582","Antonio Martinelli"
"http://data.carnegiehall.org/names/1019584","Andrea Bernasconi"
"http://data.carnegiehall.org/names/1019585","Fulgenso Perotti"
"http://data.carnegiehall.org/names/1019586","Gaetano Latilla"
"http://data.carnegiehall.org/names/1019587","Giovanni Domenico Perotti"
"http://data.carnegiehall.org/names/1019572","Boris Rukiter"
"http://data.carnegiehall.org/names/1019573","Shlomo Ravitz"
"http://data.carnegiehall.org/names/1019574","Abraham Nadel"
"http://data.carnegiehall.org/names/1019575","Philippe Hersant"
"http://data.carnegiehall.org/names/1019566","Barbara Lambrecht"
"http://data.carnegiehall.org/names/1019567","Jose L. Rios"
"http://data.carnegiehall.org/names/1019568","Joseph Dunn"
"http://data.carnegiehall.org/names/1019569","Meghan Trainor"
"http://data.carnegiehall.org/names/1019570","Kevin Kadish"
"http://data.carnegiehall.org/names/1019571","Joseph Malovany"
"http://data.carnegiehall.org/names/1019560","Moira Smiley"
"http://data.carnegiehall.org/names/1019563","John Paulson"
"http://data.carnegiehall.org/names/1019565","Darren W. Jenkins"
"http://data.carnegiehall.org/names/1019551","Earl Eugene Toon"
"http://data.carnegiehall.org/names/1019552","Dennis Ronald Thomas"
"http://data.carnegiehall.org/names/1019553","Robert Earl Bell"
"http://data.carnegiehall.org/names/1019555","Lonnie Hunter"
"http://data.carnegiehall.org/names/1019557","Ryan Lewis"
"http://data.carnegiehall.org/names/1019558","Ray Dalton"
"http://data.carnegiehall.org/names/1019545","Clark Gesner"
"http://data.carnegiehall.org/names/1019546","Ronald Nathan Bell"
"http://data.carnegiehall.org/names/1019547","Claydes Charles Smith"
"http://data.carnegiehall.org/names/1019548","George M. Brown"
"http://data.carnegiehall.org/names/1019549","James ""J.T."" Taylor"
"http://data.carnegiehall.org/names/1019550","Robert Spike Mickens"
"http://data.carnegiehall.org/names/1019540","W. Mitchell Owens"
"http://data.carnegiehall.org/names/1019543","Daisy Fragoso"
"http://data.carnegiehall.org/names/1019544","Judith Herrington"
"http://data.carnegiehall.org/names/1019532","Melody Eotvos"
"http://data.carnegiehall.org/names/1019535","Lars Petter Hagen"
"http://data.carnegiehall.org/names/1019538","Young-guk Kim"
"http://data.carnegiehall.org/names/1019522","Beatriz Arzamendi"
"http://data.carnegiehall.org/names/1019523","John Wilson"
"http://data.carnegiehall.org/names/1019524","Cataldo Amodei"
"http://data.carnegiehall.org/names/1019525","Giovanni Girolamo Kapsperger"
"http://data.carnegiehall.org/names/1019527","Tim Sarsany"
"http://data.carnegiehall.org/names/1019514","Jim Peterik"
"http://data.carnegiehall.org/names/1019515","Frankie Sullivan"
"http://data.carnegiehall.org/names/1019516","Joey Tempest"
"http://data.carnegiehall.org/names/1019519","Pedro Vilarroig"
"http://data.carnegiehall.org/names/1019520","Marisa Manchado"
"http://data.carnegiehall.org/names/1019504","Claudio Dauelsberg"
"http://data.carnegiehall.org/names/1019505","Mark Olivieri"
"http://data.carnegiehall.org/names/1019506","Will Todd"
"http://data.carnegiehall.org/names/1019513","David Rudder"
"http://data.carnegiehall.org/names/1019498","Peter J. Durow"
"http://data.carnegiehall.org/names/1019499","Tian Shi Liu"
"http://data.carnegiehall.org/names/1019500","Jonathan Pieslak"
"http://data.carnegiehall.org/names/1019501","Juan María Solare"
"http://data.carnegiehall.org/names/1019502","German Dario Perez Salazar"
"http://data.carnegiehall.org/names/1019503","Dimitri Cervo"
"http://data.carnegiehall.org/names/1019489","Julian Darius Revie"
"http://data.carnegiehall.org/names/1019490","Orjan Matre"
"http://data.carnegiehall.org/names/1019493","Philippe Leroux"
"http://data.carnegiehall.org/names/1019496","Zuqiang Wu"
"http://data.carnegiehall.org/names/1019497","Adrian Batten"
"http://data.carnegiehall.org/names/1019479","Johann Stadlmayr"
"http://data.carnegiehall.org/names/1019480","Johann Vierdanck"
"http://data.carnegiehall.org/names/1019482","Marc-Olivier Dupin"
"http://data.carnegiehall.org/names/1019483","Wilfried Hiller"
"http://data.carnegiehall.org/names/1019484","Markwood Holmes"
"http://data.carnegiehall.org/names/1019487","Sung-hwan Choi"
"http://data.carnegiehall.org/names/1019472","Melodie Tunney"
"http://data.carnegiehall.org/names/1019473","Billy Sprague"
"http://data.carnegiehall.org/names/1019476","Isaac Kaminsky"
"http://data.carnegiehall.org/names/1019478","[first name unknown] Schmid"
"http://data.carnegiehall.org/names/1019467","Carrie Griffin"
"http://data.carnegiehall.org/names/1019468","Will Reagan"
"http://data.carnegiehall.org/names/1019471","Dick Tunney"
"http://data.carnegiehall.org/names/1019458","Joachim Neander"
"http://data.carnegiehall.org/names/1019460","Jay Rouse"
"http://data.carnegiehall.org/names/1019464","Lewis E. Jones"
"http://data.carnegiehall.org/names/1019448","Arthur D. Bissell"
"http://data.carnegiehall.org/names/1019452","William Pitts"
"http://data.carnegiehall.org/names/1019453","James Oliverio"
"http://data.carnegiehall.org/names/1019456","George Arthur Pass"
"http://data.carnegiehall.org/names/1019442","Jean Déré"
"http://data.carnegiehall.org/names/1019443","Abraham Jurafsky"
"http://data.carnegiehall.org/names/1019445","Richard Storrs Willis"
"http://data.carnegiehall.org/names/1017165","HyoGeun Kim"
"http://data.carnegiehall.org/names/1017166","Jason Bahr"
"http://data.carnegiehall.org/names/1017167","Vicente Martín y Soler"
"http://data.carnegiehall.org/names/1017168","Iain Bell"
"http://data.carnegiehall.org/names/1017169","Howard Bashaw"
"http://data.carnegiehall.org/names/1017170","Shinuh Lee"
"http://data.carnegiehall.org/names/1017156","Craig Biondi"
"http://data.carnegiehall.org/names/1017158","Alphonse Izzo"
"http://data.carnegiehall.org/names/1017161","Virgilio Rojo"
"http://data.carnegiehall.org/names/1017162","Jose Dolores Ceron"
"http://data.carnegiehall.org/names/1017164","Russell Scarbrough"
"http://data.carnegiehall.org/names/1017148","Randy Thomas"
"http://data.carnegiehall.org/names/1017149","Cynthia Weil"
"http://data.carnegiehall.org/names/1017155","Gordon Mills"
"http://data.carnegiehall.org/names/1017138","Jake Runestad"
"http://data.carnegiehall.org/names/1017140","Daniel Brinsmead"
"http://data.carnegiehall.org/names/1017142","Yoshihisa Fujihara"
"http://data.carnegiehall.org/names/1017144","Yu-Wei Hsieh"
"http://data.carnegiehall.org/names/1017145","Henry Love"
"http://data.carnegiehall.org/names/1017146","Bill Melton"
"http://data.carnegiehall.org/names/1017130","Robert Longfield"
"http://data.carnegiehall.org/names/1017132","Christian K. Ellenwood"
"http://data.carnegiehall.org/names/1017134","Gerry Goffin"
"http://data.carnegiehall.org/names/1017137","Josh Rist"
"http://data.carnegiehall.org/names/1017123","Keith Sharp"
"http://data.carnegiehall.org/names/1017124","Rolf Martinsson"
"http://data.carnegiehall.org/names/1017126","Carson Cooman"
"http://data.carnegiehall.org/names/1017128","Carol Barnett"
"http://data.carnegiehall.org/names/1017117","Mohammad Salim Sarmast"
"http://data.carnegiehall.org/names/1017118","Andy Beck"
"http://data.carnegiehall.org/names/1017119","Brian Fisher"
"http://data.carnegiehall.org/names/1017120","Vicki Tucker Courtney"
"http://data.carnegiehall.org/names/1017121","Stevie Nicks"
"http://data.carnegiehall.org/names/1017122","Willie Stein"
"http://data.carnegiehall.org/names/1017107","Jack Lawrence"
"http://data.carnegiehall.org/names/1017112","Ustad Awalmir"
"http://data.carnegiehall.org/names/1017113","Nafees Ahmed Khan"
"http://data.carnegiehall.org/names/1017115","Jalil Zaland"
"http://data.carnegiehall.org/names/1017099","Ray Santos"
"http://data.carnegiehall.org/names/1017100","Obdulio Morales"
"http://data.carnegiehall.org/names/1017101","Roberto Yanés"
"http://data.carnegiehall.org/names/1017103","Shuai Zhang"
"http://data.carnegiehall.org/names/1017106","Morgan Lewis"
"http://data.carnegiehall.org/names/1017088","Lynn DeShazo"
"http://data.carnegiehall.org/names/1017089","Debbie Smith"
"http://data.carnegiehall.org/names/1017091","Wayne Kirkpatrick"
"http://data.carnegiehall.org/names/1017081","Igor Karaca"
"http://data.carnegiehall.org/names/1017082","Aliser Sijaric"
"http://data.carnegiehall.org/names/1017083","Dino Residbegovic"
"http://data.carnegiehall.org/names/1017084","Kyle Randall"
"http://data.carnegiehall.org/names/1017086","Slavko Zlatic"
"http://data.carnegiehall.org/names/1017087","Wes King"
"http://data.carnegiehall.org/names/1017069","Raynard Miner"
"http://data.carnegiehall.org/names/1017070","Carl Smith"
"http://data.carnegiehall.org/names/1017079","Nathan T. Davis"
"http://data.carnegiehall.org/names/1017080","Ðorde Jovancic"
"http://data.carnegiehall.org/names/1017060","Kazuya Sahara"
"http://data.carnegiehall.org/names/1017062","Oliver Wallace"
"http://data.carnegiehall.org/names/1017065","Dave Bartholomew"
"http://data.carnegiehall.org/names/1017066","Al Anderson"
"http://data.carnegiehall.org/names/1017067","Jeffrey Steele"
"http://data.carnegiehall.org/names/1017068","Gary Jackson"
"http://data.carnegiehall.org/names/1017052","Paul O'Neill"
"http://data.carnegiehall.org/names/1017053","Robert Kinkel"
"http://data.carnegiehall.org/names/1017041","David John Fischer"
"http://data.carnegiehall.org/names/1017044","Adolfo Mejia"
"http://data.carnegiehall.org/names/1017046","Jimmy Kelly"
"http://data.carnegiehall.org/names/1017047","Carl Corcoran"
"http://data.carnegiehall.org/names/1017034","Flory Jagoda"
"http://data.carnegiehall.org/names/1017035","Mart Fryberg"
"http://data.carnegiehall.org/names/1017036","Balduin Sulzer"
"http://data.carnegiehall.org/names/1017037","Louis Roth"
"http://data.carnegiehall.org/names/1017038","Carl Wilhelm Drescher"
"http://data.carnegiehall.org/names/1017039","Georg Kreisler"
"http://data.carnegiehall.org/names/1017027","Esteban Benzecry"
"http://data.carnegiehall.org/names/1017028","Kyohei Tsutsumi"
"http://data.carnegiehall.org/names/1017029","Jun Hashimoto"
"http://data.carnegiehall.org/names/1017031","Maya Forbes"
"http://data.carnegiehall.org/names/1017032","Patrick Abbey"
"http://data.carnegiehall.org/names/1017033","Danny Maseng"
"http://data.carnegiehall.org/names/1017019","Brian Kehlenbach"
"http://data.carnegiehall.org/names/1017020","Giancarlo Castro"
"http://data.carnegiehall.org/names/1017021","Juan Caldarella"
"http://data.carnegiehall.org/names/1017022","Alejandro Scarpino"
"http://data.carnegiehall.org/names/1017023","Evencio Castellanos"
"http://data.carnegiehall.org/names/1017026","Enrico Chapela"
"http://data.carnegiehall.org/names/1017004","Jon Anderson"
"http://data.carnegiehall.org/names/1017011","Willow Macky"
"http://data.carnegiehall.org/names/1017013","Ronald Gonzalez"
"http://data.carnegiehall.org/names/1017015","Geovani Del Pino"
"http://data.carnegiehall.org/names/1017016","Artur Akshelyan"
"http://data.carnegiehall.org/names/1017017","Vahram Sargsyan"
"http://data.carnegiehall.org/names/1016993","Calvin Bridges"
"http://data.carnegiehall.org/names/1016994","Bill Moss"
"http://data.carnegiehall.org/names/1016996","Renee Strong"
"http://data.carnegiehall.org/names/1016999","Timothy Brown"
"http://data.carnegiehall.org/names/1017003","Jerry Ross"
"http://data.carnegiehall.org/names/1016987","David Meece"
"http://data.carnegiehall.org/names/1016988","James Bryson"
"http://data.carnegiehall.org/names/1016989","Mariah Carey"
"http://data.carnegiehall.org/names/1016990","DeAndre Patterson"
"http://data.carnegiehall.org/names/1016991","Luke Mercer"
"http://data.carnegiehall.org/names/1016992","Kathy Taylor"
"http://data.carnegiehall.org/names/1016979","Giovanni Porta"
"http://data.carnegiehall.org/names/1016980","Markos Vamvakaris"
"http://data.carnegiehall.org/names/1016982","Emanuel Zamir"
"http://data.carnegiehall.org/names/1016984","Marie Reynolds"
"http://data.carnegiehall.org/names/1016985","Chris Tomlin"
"http://data.carnegiehall.org/names/1016986","Matt Maher"
"http://data.carnegiehall.org/names/1016973","Mark Hammond"
"http://data.carnegiehall.org/names/1016974","Riyad Al-Sunbati"
"http://data.carnegiehall.org/names/1016975","Mosh Ben Ari"
"http://data.carnegiehall.org/names/1016977","Geminiano Giacomelli"
"http://data.carnegiehall.org/names/1016978","Giuseppe Maria Orlandini"
"http://data.carnegiehall.org/names/1016966","Thomas Fortmann"
"http://data.carnegiehall.org/names/1016967","Jing Xian"
"http://data.carnegiehall.org/names/1016968","Guimin Guan"
"http://data.carnegiehall.org/names/1016969","Junyi Tan"
"http://data.carnegiehall.org/names/1016970","Yuan Gao"
"http://data.carnegiehall.org/names/1016971","Yu Deng"
"http://data.carnegiehall.org/names/1016955","Bern Herbolsheimer"
"http://data.carnegiehall.org/names/1016956","Graham Robb"
"http://data.carnegiehall.org/names/1016957","Randolph Coleman"
"http://data.carnegiehall.org/names/1016958","David Morneau"
"http://data.carnegiehall.org/names/1016959","Richard N. Burke"
"http://data.carnegiehall.org/names/1016960","Constantin Silvestri"
"http://data.carnegiehall.org/names/1016948","Sebastien Vachez"
"http://data.carnegiehall.org/names/1016950","Shengxi Lin"
"http://data.carnegiehall.org/names/1016951","Wonsoon Choi"
"http://data.carnegiehall.org/names/1016952","Sungjun Park"
"http://data.carnegiehall.org/names/1016953","Dong Hoon Lee"
"http://data.carnegiehall.org/names/1016954","Christian Marclay"
"http://data.carnegiehall.org/names/1016939","Eduard Kolmanovsky"
"http://data.carnegiehall.org/names/1016940","Charles T. Frey"
"http://data.carnegiehall.org/names/1016941","Joe Jordan"
"http://data.carnegiehall.org/names/1016942","Eunhye Kim"
"http://data.carnegiehall.org/names/1016944","Dimitri Terzakis"
"http://data.carnegiehall.org/names/1016947","Philippe Cauvin"
"http://data.carnegiehall.org/names/1016933","Sebastian Fagerlund"
"http://data.carnegiehall.org/names/1016934","Georg Friedrich Haas"
"http://data.carnegiehall.org/names/1016935","[first name unknown] Mazofski"
"http://data.carnegiehall.org/names/1016936","Max Kyuss"
"http://data.carnegiehall.org/names/1016937","Ilya Alekseevich Shatrov"
"http://data.carnegiehall.org/names/1016938","Igor Matvienko"
"http://data.carnegiehall.org/names/1016922","Andy Akiho"
"http://data.carnegiehall.org/names/1016923","David Matthews"
"http://data.carnegiehall.org/names/1016926","Moritz Eggert"
"http://data.carnegiehall.org/names/1016927","Gavriil Popov"
"http://data.carnegiehall.org/names/1016929","James Lee III"
"http://data.carnegiehall.org/names/1016912","Paul Ferguson"
"http://data.carnegiehall.org/names/1016916","Raymond H. Burke"
"http://data.carnegiehall.org/names/1016904","[first name unknown] Senytcha"
"http://data.carnegiehall.org/names/1016908","Djalma Ferreira"
"http://data.carnegiehall.org/names/1016909","Jeff Steinberg"
"http://data.carnegiehall.org/names/1016894","[first name unknown] Fisher-Krantz"
"http://data.carnegiehall.org/names/1016897","Francesco Ticciati"
"http://data.carnegiehall.org/names/1016901","Rafael Calleja"
"http://data.carnegiehall.org/names/1016902","Edmund Turges"
"http://data.carnegiehall.org/names/1016886","Judd Woldin"
"http://data.carnegiehall.org/names/1016887","Adam Gwon"
"http://data.carnegiehall.org/names/1016889","Fernando Guarnieri"
"http://data.carnegiehall.org/names/1016890","[first name unknown] Benelli"
"http://data.carnegiehall.org/names/1016891","J. W. (James William) Elliott"
"http://data.carnegiehall.org/names/1016893","Louis Beydts"
"http://data.carnegiehall.org/names/1016880","Grigori Davidovsky"
"http://data.carnegiehall.org/names/1016881","Julieff Melmeister"
"http://data.carnegiehall.org/names/1016882","[first name unknown] Strauss"
"http://data.carnegiehall.org/names/1016883","Marta Linz"
"http://data.carnegiehall.org/names/1016884","M.A., Mrs. Knight"
"http://data.carnegiehall.org/names/1016885","Terry Shand"
"http://data.carnegiehall.org/names/1016871","Les Reed"
"http://data.carnegiehall.org/names/1016874","Bugs Bower"
"http://data.carnegiehall.org/names/1016875","Nino Oliviero"
"http://data.carnegiehall.org/names/1016876","Armando Manzanero"
"http://data.carnegiehall.org/names/1016877","Jimmy Fontana"
"http://data.carnegiehall.org/names/1016863","Manlio Di Veroli"
"http://data.carnegiehall.org/names/1016864","Hugo Frey"
"http://data.carnegiehall.org/names/1016865","[first name unknown] Frankel"
"http://data.carnegiehall.org/names/1016866","Janot S. Roskin"
"http://data.carnegiehall.org/names/1016867","Lauri Ikonen"
"http://data.carnegiehall.org/names/1016869","George Coleman Gow"
"http://data.carnegiehall.org/names/1016856","[first name unknown] Armstrong"
"http://data.carnegiehall.org/names/1016857","Edward d'Arba"
"http://data.carnegiehall.org/names/1016858","George Roderick"
"http://data.carnegiehall.org/names/1016860","[first name unknown] Townsend"
"http://data.carnegiehall.org/names/1016862","Eleanor Marum"
"http://data.carnegiehall.org/names/1016848","Richard Vossley"
"http://data.carnegiehall.org/names/1016854","C. Lee Williams"
"http://data.carnegiehall.org/names/1016855","Frederick Wick"
"http://data.carnegiehall.org/names/1016837","[first name unknown] Salasar"
"http://data.carnegiehall.org/names/1016839","W. Bowker Andrews"
"http://data.carnegiehall.org/names/1016840","Maude Craske Day"
"http://data.carnegiehall.org/names/1016841","Adolf Lotter"
"http://data.carnegiehall.org/names/1016843","Max V. Mathews"
"http://data.carnegiehall.org/names/1016845","[first name unknown] Steinbruch"
"http://data.carnegiehall.org/names/1016828","J. Scheninin"
"http://data.carnegiehall.org/names/1016834","Jean Bartholoni"
"http://data.carnegiehall.org/names/1016835","Gaston Paulin"
"http://data.carnegiehall.org/names/1016836","G. M. Franco"
"http://data.carnegiehall.org/names/1016814","Van McCoy"
"http://data.carnegiehall.org/names/1016815","Kyung Wook Sul"
"http://data.carnegiehall.org/names/1016821","Luna Pearl Woolf"
"http://data.carnegiehall.org/names/1016824","Karol Jósef Lipinski"
"http://data.carnegiehall.org/names/1016808","Peter Jacobs"
"http://data.carnegiehall.org/names/1016809","Hanneke Jacobs"
"http://data.carnegiehall.org/names/1016810","Debby Kerner Rettino"
"http://data.carnegiehall.org/names/1016811","Reuben Morgan"
"http://data.carnegiehall.org/names/1016812","Daniel Burgess"
"http://data.carnegiehall.org/names/1016804","Elizabeth A. Kelly"
"http://data.carnegiehall.org/names/1016794","Isidor Bajic"
"http://data.carnegiehall.org/names/1016795","Josif Marinkovic"
"http://data.carnegiehall.org/names/1016798","Alojz Srebotnjak"
"http://data.carnegiehall.org/names/1016799","Parashkev Khadzhiyev"
"http://data.carnegiehall.org/names/1016787","Allan Gilliland"
"http://data.carnegiehall.org/names/1016788","Alejandro Núñez Allauca"
"http://data.carnegiehall.org/names/1016790","Philip R. Buttall"
"http://data.carnegiehall.org/names/1016792","Lyubomir Pipkov"
"http://data.carnegiehall.org/names/1016793","Stanislav Binicki"
"http://data.carnegiehall.org/names/1016777","Cain Hartung"
"http://data.carnegiehall.org/names/1016778","Dylan Hartung"
"http://data.carnegiehall.org/names/1016779","Maria Gentile"
"http://data.carnegiehall.org/names/1016782","Caroline Mallonee"
"http://data.carnegiehall.org/names/1016784","Allan Rae"
"http://data.carnegiehall.org/names/1016786","Robert Rival"
"http://data.carnegiehall.org/names/1016771","Fei Wang"
"http://data.carnegiehall.org/names/1016772","Kun-Shen Ruan"
"http://data.carnegiehall.org/names/1016764","Eric Nathan"
"http://data.carnegiehall.org/names/1016765","Francesco Paolo Frontini"
"http://data.carnegiehall.org/names/1016767","Vincent Bouchot"
"http://data.carnegiehall.org/names/1016768","Weijie Gao"
"http://data.carnegiehall.org/names/1016769","Sheng-Chang Yao"
"http://data.carnegiehall.org/names/1016770","Zhong-Rong Luo"
"http://data.carnegiehall.org/names/1016756","Setsuko Yamazaki"
"http://data.carnegiehall.org/names/1016758","August Heinrich Hoffmann von Fallersleben"
"http://data.carnegiehall.org/names/1016760","Daniel H. Wilson"
"http://data.carnegiehall.org/names/1016761","Inhyun Kim"
"http://data.carnegiehall.org/names/1016762","Ashley Fu-Tsun Wang"
"http://data.carnegiehall.org/names/1016746","Darla Eshelman"
"http://data.carnegiehall.org/names/1016748","John Hudson"
"http://data.carnegiehall.org/names/1016749","David Lantz"
"http://data.carnegiehall.org/names/1016750","Danny Leo"
"http://data.carnegiehall.org/names/1016751","Julio Estrada"
"http://data.carnegiehall.org/names/1016744","D. Farrell Smith"
"http://data.carnegiehall.org/names/1016725","Naoe Monma"
"http://data.carnegiehall.org/names/1016726","Shinpei Nakayama"
"http://data.carnegiehall.org/names/1016727","Shin Sato"
"http://data.carnegiehall.org/names/1016728","Naohiko Terashima"
"http://data.carnegiehall.org/names/1016732","Christopher Walczak"
"http://data.carnegiehall.org/names/1016718","Daniel Elder"
"http://data.carnegiehall.org/names/1016719","Cecilia Coleman"
"http://data.carnegiehall.org/names/1016721","Doug MacDonald"
"http://data.carnegiehall.org/names/1016724","Satoshi Kubota"
"http://data.carnegiehall.org/names/1016712","Matthew Mauro"
"http://data.carnegiehall.org/names/1016715","Steven Barton"
"http://data.carnegiehall.org/names/1016716","Richard Ratner"
"http://data.carnegiehall.org/names/1016717","Roger T. Petrich"
"http://data.carnegiehall.org/names/1016703","Bernie Miller"
"http://data.carnegiehall.org/names/1016704","Marcos Valle"
"http://data.carnegiehall.org/names/1016708","Yekaterina Merkulyeva"
"http://data.carnegiehall.org/names/1016709","Louis Maitrier"
"http://data.carnegiehall.org/names/1016700","Felice Bryant"
"http://data.carnegiehall.org/names/1016702","Gene Vincent"
"http://data.carnegiehall.org/names/1016684","Jeremy Woolstenhulme"
"http://data.carnegiehall.org/names/1016685","Kirk Vogel"
"http://data.carnegiehall.org/names/1016686","Alexander Safford"
"http://data.carnegiehall.org/names/1016687","Stuart Stotts"
"http://data.carnegiehall.org/names/1016689","Feodosy Antonovich Rubtsov"
"http://data.carnegiehall.org/names/1016690","Sulkhan Tsintsadze"
"http://data.carnegiehall.org/names/1016664","Guy Forbes"
"http://data.carnegiehall.org/names/1016667","Theodore Weber"
"http://data.carnegiehall.org/names/1016670","Till MacIvor Meyn"
"http://data.carnegiehall.org/names/1016681","David L. McIntyre"
"http://data.carnegiehall.org/names/1016683","Michael A. Mogensen"
"http://data.carnegiehall.org/names/1016654","Eustacio Rosales"
"http://data.carnegiehall.org/names/1016657","Alan Chang"
"http://data.carnegiehall.org/names/1016659","Irving Mills"
"http://data.carnegiehall.org/names/1016662","Juris Karlsons"
"http://data.carnegiehall.org/names/1016663","Jonathan Rathbone"
"http://data.carnegiehall.org/names/1016647","Stephen Bulla"
"http://data.carnegiehall.org/names/1016648","Leonard Ballantine"
"http://data.carnegiehall.org/names/1016649","Ivor Bosanko"
"http://data.carnegiehall.org/names/1016650","Norman Bearcroft"
"http://data.carnegiehall.org/names/1016651","Wilfred Heaton"
"http://data.carnegiehall.org/names/1016640","Eugeniu Doga"
"http://data.carnegiehall.org/names/1016642","Yevgeny Grigor'yevich Brusilovsky"
"http://data.carnegiehall.org/names/1016644","Dag Wirén"
"http://data.carnegiehall.org/names/1016645","Dorothy Gates"
"http://data.carnegiehall.org/names/1016646","June Collin"
"http://data.carnegiehall.org/names/1016634","Lorenzo Allegri"
"http://data.carnegiehall.org/names/1016636","Mark Buller"
"http://data.carnegiehall.org/names/1016637","Jose Torres"
"http://data.carnegiehall.org/names/1016638","Daiki Kato"
"http://data.carnegiehall.org/names/1016627","Giedrius Svilainis"
"http://data.carnegiehall.org/names/1016628","Athanasius Kircher"
"http://data.carnegiehall.org/names/1016629","Matteo Salvatore"
"http://data.carnegiehall.org/names/1016630","Marcello Vitale"
"http://data.carnegiehall.org/names/1016631","Ambrogio Sparagna"
"http://data.carnegiehall.org/names/1016633","William ""Beaver"" Bausch"
"http://data.carnegiehall.org/names/1016619","Ryan George"
"http://data.carnegiehall.org/names/1016621","William Himes"
"http://data.carnegiehall.org/names/1016623","Roccu Mambrini"
"http://data.carnegiehall.org/names/1016624","Toni Casalonga"
"http://data.carnegiehall.org/names/1016625","Nando Acquaviva"
"http://data.carnegiehall.org/names/1016610","Nimrod Borenstein"
"http://data.carnegiehall.org/names/1016612","Pancho Cabral"
"http://data.carnegiehall.org/names/1016613","Hamlet Lima Quintana"
"http://data.carnegiehall.org/names/1016614","María Elena Walsh"
"http://data.carnegiehall.org/names/1016615","Luis Mariano Rivera"
"http://data.carnegiehall.org/names/1016617","Liduíno Pitombeira"